Voltage(V),Current(A),Power(W)
[4.99951],[0.0112655],[0.05632198]
[5.00003],[0.0105245],[0.05262282]
[4.9995],[0.0106773],[0.05338116]
[4.9997],[0.0108323],[0.05415825]
[4.9994],[0.0106032],[0.05300964]
[4.99951],[0.0105733],[0.05286131]
[4.99939],[0.0105069],[0.05252809]
[4.99959],[0.0108302],[0.05414656]
[4.99945],[0.010736],[0.0536741]
[4.99956],[0.0109583],[0.05478668]
[4.99921],[0.0107912],[0.05394747]
[4.99947],[0.0107991],[0.05398978]
[4.99918],[0.0104668],[0.05232542]
[4.99939],[0.0107911],[0.05394892]
[4.99921],[0.0109091],[0.05453688]
[4.99918],[0.0107334],[0.05365819]
[4.99988],[0.010777],[0.05388371]
[4.99961],[0.0107842],[0.0539168]
[4.9995],[0.0108725],[0.05435706]
[4.9991],[0.010808],[0.05403028]
[4.9999],[0.0108685],[0.05434141]
[4.99966],[0.0106604],[0.05329837]
[4.99932],[0.0107603],[0.05379418]
[4.99936],[0.0107914],[0.0539501]
[4.99921],[0.0108356],[0.05416944]
[4.99948],[0.0108693],[0.05434085]
[4.99995],[0.0107802],[0.05390046]
[4.99911],[0.0108817],[0.05439882]
[4.99938],[0.0110532],[0.05525915]
[4.99919],[0.0108626],[0.0543042]
[4.99953],[0.0109158],[0.05457387]
[4.99956],[0.0108648],[0.05431922]
[4.99971],[0.0105738],[0.05286593]
[4.99938],[0.0111043],[0.05551462]
[4.99936],[0.0108704],[0.05434504]
[4.99942],[0.0106881],[0.0534343]
[4.99952],[0.0104176],[0.052083]
[4.99951],[0.0108916],[0.05445266]
[4.99968],[0.0107062],[0.05352757]
[4.99935],[0.0108832],[0.05440893]
[4.99945],[0.0109083],[0.0545355]
[4.99966],[0.0109984],[0.05498826]
[4.99929],[0.0109214],[0.05459924]
[4.9995],[0.0107878],[0.05393361]
[4.99951],[0.0113175],[0.05658195]
[4.99942],[0.0110314],[0.05515061]
[4.99947],[0.0108742],[0.05436524]
[4.99969],[0.0107735],[0.05386416]
[4.99931],[0.0108817],[0.05440099]
[4.99954],[0.0110091],[0.05504043]
[4.99945],[0.0110628],[0.05530792]
[4.99946],[0.0105265],[0.05262682]
[4.99945],[0.0109837],[0.05491246]
[4.99931],[0.0109107],[0.05454597]
[4.99961],[0.0107912],[0.05395179]
[4.99987],[0.010518],[0.05258863]
[4.99929],[0.0107583],[0.05378386]
[4.99954],[0.0110239],[0.05511443]
[4.99977],[0.0108196],[0.05409551]
[4.99941],[0.0109024],[0.05450557]
[4.99946],[0.010687],[0.05342923]
[4.99975],[0.0106199],[0.05309685]
[4.99982],[0.0105338],[0.05266711]
[4.99972],[0.0107502],[0.05374799]
[4.99926],[0.0110293],[0.05513834]
[4.99958],[0.0112332],[0.05616128]
[4.99951],[0.0110152],[0.0550706]
[4.99983],[0.0104382],[0.05218922]
[4.99945],[0.0108231],[0.05410955]
[5.00004],[0.0110505],[0.05525294]
[4.99959],[0.0109074],[0.05453253]
[4.99968],[0.0105418],[0.05270563]
[4.99935],[0.0108598],[0.05429194]
[4.99986],[0.010878],[0.05438848]
[4.99945],[0.0109533],[0.05476047]
[4.99907],[0.0106855],[0.05341756]
[4.99942],[0.0109787],[0.05488713]
[4.99948],[0.0107001],[0.05349493]
[4.9997],[0.0109381],[0.05468722]
[4.99933],[0.0108105],[0.05404526]
[4.99942],[0.01129],[0.05644345]
[4.99955],[0.0105207],[0.05259877]
[4.99953],[0.0110457],[0.0552233]
[4.99953],[0.0107895],[0.05394243]
[4.99898],[0.0108724],[0.05435091]
[4.99968],[0.0108765],[0.05437902]
[4.99954],[0.0107551],[0.05377055]
[4.99935],[0.0108371],[0.05417846]
[5.00005],[0.0107865],[0.05393304]
[4.99925],[0.011218],[0.05608159]
[4.99952],[0.0110282],[0.05513571]
[4.99985],[0.0108604],[0.05430037]
[4.99919],[0.0110542],[0.05526204]
[4.99933],[0.0104557],[0.05227149]
[4.99906],[0.0106947],[0.05346345]
[4.99929],[0.0106563],[0.05327393]
[4.99916],[0.0105864],[0.0529231]
[4.99532],[0.0108424],[0.05416125]
[4.99696],[0.0257332],[0.12858778]
[4.99636],[0.0256242],[0.12802772]
[4.99315],[0.0249347],[0.1245027]
[4.99464],[0.0253239],[0.12648375]
[4.99984],[0.0232203],[0.11609779]
[4.99986],[0.0375469],[0.18772924]
[4.99979],[0.0377561],[0.18877257]
[4.99912],[0.0377808],[0.18887076]
[4.9993],[0.0350364],[0.17515747]
[4.99963],[0.0391205],[0.19558802]
[4.9999],[0.0354622],[0.17730746]
[4.99347],[0.034573],[0.17263925]
[4.99464],[0.0225009],[0.11238389]
[4.99571],[0.0326995],[0.16335721]
[4.99614],[0.0237398],[0.11860736]
[4.99554],[0.024331],[0.12154648]
[4.99931],[0.019051],[0.09524186]
[4.99924],[0.0105546],[0.05276497]
[4.99969],[0.010728],[0.05363667]
[4.99974],[0.0108375],[0.05418468]
[4.9996],[0.0109293],[0.05464213]
[4.99957],[0.0110169],[0.05507976]
[4.99938],[0.0108117],[0.05405179]
[4.99942],[0.0110191],[0.05508911]
[4.99964],[0.0109467],[0.05472956]
[4.99931],[0.0107525],[0.05375508]
[4.99959],[0.0109384],[0.05468751]
[4.99985],[0.0108474],[0.05423537]
[4.99938],[0.0108087],[0.0540368]
[4.99952],[0.0111507],[0.05574815]
[4.99955],[0.0108968],[0.0544791]
[4.99943],[0.0105755],[0.05287148]
[4.99936],[0.0111875],[0.05593034]
[4.99947],[0.011099],[0.05548912]
[4.99973],[0.0108264],[0.05412908]
[4.99948],[0.0107155],[0.05357193]
[4.99919],[0.0142315],[0.07114597]
[4.99933],[0.012552],[0.06275159]
[4.99958],[0.0124577],[0.06228327]
[4.99962],[0.0127808],[0.06389914]
[4.99941],[0.0125971],[0.06297807]
[4.99992],[0.0124704],[0.062351]
[5.00009],[0.012568],[0.06284113]
[4.99966],[0.0124607],[0.06229927]
[4.99941],[0.0124295],[0.06214017]
[4.99962],[0.01267],[0.06334519]
[4.99948],[0.0126747],[0.0633669]
[4.99904],[0.0124798],[0.06238702]
[4.99964],[0.012226],[0.0611256]
[4.99909],[0.0128611],[0.0642938]
[4.99977],[0.0126524],[0.06325909]
[4.99944],[0.0126543],[0.06326441]
[4.99954],[0.0125298],[0.06264323]
[4.99995],[0.0125319],[0.06265887]
[4.99941],[0.0124713],[0.06234914]
[4.99939],[0.0127877],[0.0639307]
[4.99932],[0.0126414],[0.0631984]
[4.99953],[0.0124527],[0.06225765]
[4.99949],[0.0124231],[0.06210916]
[4.99957],[0.0126248],[0.06311857]
[4.99955],[0.0126554],[0.0632713]
[4.99962],[0.0124968],[0.06247925]
[4.99997],[0.012499],[0.06249462]
[4.99954],[0.0128691],[0.06433958]
[4.99956],[0.012482],[0.06240451]
[4.99958],[0.0129942],[0.06496554]
[4.9995],[0.0129682],[0.06483451]
[4.99946],[0.0125735],[0.06286071]
[4.99957],[0.0124663],[0.06232614]
[4.99964],[0.0125016],[0.0625035]
[4.99969],[0.0127393],[0.06369255]
[4.99966],[0.0125268],[0.06262974]
[4.99961],[0.012283],[0.06141021]
[4.99929],[0.0124571],[0.06227665]
[4.99948],[0.0126047],[0.06301694]
[4.99952],[0.0129905],[0.06494626]
[4.99966],[0.0124533],[0.06226227]
[4.99963],[0.0126379],[0.06318483]
[4.99931],[0.0127133],[0.06355773]
[4.99964],[0.0124567],[0.06227902]
[4.99944],[0.0126306],[0.06314593]
[4.99951],[0.0125344],[0.06266586]
[4.99996],[0.0126264],[0.0631315]
[4.9993],[0.0126559],[0.06327064]
[4.99961],[0.0126993],[0.06349155]
[4.99945],[0.0125014],[0.06250013]
[4.99967],[0.0124335],[0.0621634]
[4.99954],[0.0125858],[0.06292321]
[4.99962],[0.012607],[0.06303021]
[4.99956],[0.0124482],[0.06223552]
[4.99959],[0.0127781],[0.06388526]
[4.99958],[0.0122738],[0.06136384]
[4.99963],[0.0125229],[0.06260987]
[4.99952],[0.0124943],[0.0624655]
[4.99954],[0.0126267],[0.06312769]
[4.99945],[0.0125711],[0.06284859]
[4.99966],[0.0124292],[0.06214178]
[4.99951],[0.0126089],[0.06303832]
[4.99954],[0.0124965],[0.06247675]
[4.99971],[0.01249],[0.06244638]
[4.99994],[0.0124289],[0.06214375]
[4.99949],[0.0126088],[0.06303757]
[4.99947],[0.0125544],[0.06276534]
[4.99951],[0.0127833],[0.06391023]
[4.99985],[0.0124595],[0.06229563]
[4.99961],[0.0128393],[0.06419149]
[4.99962],[0.0122704],[0.06134734]
[4.99962],[0.0125822],[0.06290621]
[4.99975],[0.0130182],[0.06508775]
[4.99943],[0.0125892],[0.06293883]
[4.99953],[0.0124482],[0.06223515]
[4.99977],[0.0123973],[0.06198365]
[4.99933],[0.0125546],[0.06276459]
[4.99949],[0.0125127],[0.06255712]
[4.99972],[0.0123419],[0.06170604]
[4.99905],[0.0125134],[0.06255511]
[4.99944],[0.0126382],[0.06318393]
[4.99955],[0.0126155],[0.06307182]
[4.9993],[0.0126143],[0.06306267]
[4.99949],[0.0126611],[0.06329904]
[4.99926],[0.0124347],[0.0621643]
[4.9996],[0.0125687],[0.06283847]
[4.99957],[0.0125331],[0.06266011]
[4.99958],[0.0125613],[0.06280122]
[4.99951],[0.012402],[0.06200392]
[4.9995],[0.0127737],[0.06386211]
[4.99931],[0.0127125],[0.06355373]
[4.99963],[0.0125576],[0.06278335]
[4.99949],[0.0124472],[0.06222965]
[4.99947],[0.0125209],[0.06259786]
[4.99949],[0.012439],[0.06218866]
[4.99968],[0.0127637],[0.06381442]
[4.99995],[0.0123373],[0.06168588]
[4.99919],[0.0122674],[0.06132706]
[4.99966],[0.0124382],[0.06218677]
[4.99965],[0.012734],[0.06366554]
[4.99962],[0.012625],[0.0631202]
[4.99963],[0.0124991],[0.06249087]
[4.99961],[0.0125889],[0.06293958]
[4.99959],[0.0124783],[0.06238639]
[4.99958],[0.0126674],[0.06333168]
[4.99958],[0.0125153],[0.06257124]
[4.99953],[0.0126351],[0.06316956]
[4.99948],[0.0126177],[0.06308194]
[4.99959],[0.0124685],[0.06233739]
[4.99959],[0.0122338],[0.06116398]
[4.99962],[0.0127716],[0.06385314]
[4.99973],[0.012642],[0.06320659]
[4.99965],[0.0124861],[0.06242613]
[4.99962],[0.012783],[0.06391014]
[4.99949],[0.0129698],[0.06484238]
[4.99937],[0.0125517],[0.06275059]
[4.99955],[0.0128931],[0.0644597]
[4.99959],[0.0125544],[0.06276685]
[4.99977],[0.012501],[0.06250213]
[5.0001],[0.0124662],[0.06233225]
[4.99957],[0.0123434],[0.06171169]
[4.99967],[0.0126441],[0.06321633]
[4.99948],[0.012623],[0.06310843]
[4.99965],[0.0129784],[0.06488746]
[4.99957],[0.0125217],[0.06260312]
[4.99939],[0.0126421],[0.06320279]
[4.99944],[0.0128158],[0.06407183]
[4.9994],[0.0123141],[0.06156311]
[4.99949],[0.0126479],[0.06323305]
[4.99962],[0.012704],[0.06351517]
[4.99982],[0.0125131],[0.06256325]
[4.99963],[0.0125637],[0.06281385]
[4.99935],[0.0124891],[0.06243738]
[4.9996],[0.0124701],[0.06234551]
[4.99966],[0.0125847],[0.06291922]
[4.99947],[0.0126308],[0.06314731]
[4.99988],[0.0124675],[0.062336]
[4.99941],[0.0122681],[0.06133327]
[4.99959],[0.0122831],[0.06141046]
[4.99951],[0.0124726],[0.06235689]
[4.99985],[0.0123929],[0.06196264]
[4.99959],[0.0125149],[0.06256937]
[4.99942],[0.0124351],[0.06216829]
[5.00004],[0.0126467],[0.06323401]
[4.99932],[0.0124606],[0.06229452]
[4.99958],[0.0124059],[0.06202429]
[4.99946],[0.0124769],[0.06237776]
[4.99942],[0.0124612],[0.06229877]
[4.99942],[0.0126622],[0.06330366]
[4.99966],[0.0126223],[0.06310721]
[4.9997],[0.0126476],[0.0632342]
[4.99959],[0.0125238],[0.06261387]
[4.99949],[0.0125219],[0.06260312]
[4.99948],[0.012398],[0.06198355]
[4.99955],[0.0125114],[0.06255136]
[4.99942],[0.0126371],[0.06317817]
[4.99945],[0.0125702],[0.06284409]
[4.9991],[0.0126573],[0.06327511]
[4.99949],[0.0126215],[0.06310106]
[4.99951],[0.0125114],[0.06255087]
[4.99946],[0.0126234],[0.06311019]
[4.99926],[0.0122977],[0.0614794]
[4.99969],[0.0128325],[0.06415852]
[4.99945],[0.0125736],[0.06286108]
[4.99951],[0.0123602],[0.06179494]
[4.99961],[0.0125991],[0.06299059]
[4.99897],[0.0123481],[0.06172778]
[4.99964],[0.0124115],[0.06205303]
[4.99952],[0.0126163],[0.06307545]
[4.99966],[0.0126253],[0.06312221]
[4.99948],[0.0125057],[0.06252199]
[4.99964],[0.0124461],[0.06222602]
[4.99932],[0.0125622],[0.06280246]
[4.9997],[0.012461],[0.06230126]
[4.99921],[0.0121498],[0.0607394]
[4.99954],[0.0120128],[0.06005847]
[4.99939],[0.0122064],[0.06102455]
[4.9995],[0.0116776],[0.05838216]
[4.99947],[0.0123979],[0.06198293]
[4.99973],[0.0122433],[0.0612132]
[4.99975],[0.0120068],[0.060031]
[4.99949],[0.0124871],[0.06242913]
[5.00009],[0.0122147],[0.0610746]
[4.99973],[0.0121326],[0.06065973]
[4.99983],[0.0118618],[0.05930698]
[4.99961],[0.0121753],[0.06087175]
[4.99954],[0.011961],[0.0597995]
[4.99954],[0.0122725],[0.06135685]
[4.99978],[0.0124722],[0.06235826]
[4.99926],[0.0122342],[0.06116195]
[4.99968],[0.0122906],[0.06144907]
[4.99932],[0.0125179],[0.06258099]
[4.99908],[0.0127327],[0.06365179]
[4.99916],[0.012145],[0.06071479]
[4.99934],[0.0124079],[0.06203131]
[4.99408],[0.0257737],[0.12871592]
[4.99414],[0.0256832],[0.1282655]
[4.99693],[0.0261504],[0.13067172]
[4.99665],[0.0280229],[0.14002062]
[4.99608],[0.020994],[0.1048877]
[4.99546],[0.0249195],[0.12448437]
[4.99402],[0.0263034],[0.1313597]
[4.99522],[0.0261831],[0.13079035]
[4.99938],[0.0209737],[0.10485549]
[4.9997],[0.0125865],[0.06292872]
[4.99948],[0.0126274],[0.06313043]
[4.99946],[0.012889],[0.06443804]
[4.99968],[0.0128691],[0.06434138]
[4.99956],[0.0126355],[0.06317194]
[4.9996],[0.0124818],[0.06240401]
[4.9996],[0.0127742],[0.06386589]
[4.99962],[0.0126249],[0.0631197]
[4.99905],[0.0124538],[0.06225717]
[4.99969],[0.0124706],[0.06234914]
[4.99957],[0.012478],[0.06238463]
[4.9997],[0.0126363],[0.06317771]
[4.9996],[0.012881],[0.06439985]
[4.99967],[0.0127511],[0.06375129]
[4.99984],[0.0124909],[0.0624525]
[4.99959],[0.0126452],[0.06322081]
[4.9996],[0.0126058],[0.06302395]
[4.99966],[0.0139643],[0.06981675]
[4.99934],[0.0126521],[0.06325215]
[4.99952],[0.0129202],[0.0645948]
[4.99938],[0.0127849],[0.06391658]
[4.99966],[0.0126251],[0.06312121]
[4.99957],[0.0124845],[0.06241713]
[4.99978],[0.0126557],[0.06327572]
[4.9995],[0.0126417],[0.06320218]
[4.99948],[0.0123369],[0.06167809]
[4.99954],[0.0124443],[0.06221577]
[4.99958],[0.0126376],[0.06318269]
[4.99981],[0.0129543],[0.06476904]
[4.99942],[0.0127746],[0.06386559]
[4.9995],[0.0124603],[0.06229527]
[4.99984],[0.0122937],[0.06146653]
[4.99914],[0.012687],[0.06342409]
[4.99905],[0.0121907],[0.06094192]
[4.99947],[0.0127771],[0.06387873]
[4.99922],[0.0125571],[0.0627757]
[4.99952],[0.0124629],[0.06230852]
[4.99959],[0.0126492],[0.06324081]
[4.99957],[0.0126601],[0.06329506]
[4.99962],[0.012625],[0.0631202]
[4.99959],[0.0124494],[0.06224189]
[4.99969],[0.0122077],[0.06103472]
[4.99965],[0.0124381],[0.06218614]
[4.99948],[0.0127241],[0.06361388]
[4.99951],[0.0124666],[0.06232689]
[4.99949],[0.0124541],[0.06226414]
[4.99964],[0.0126059],[0.06302496]
[4.99961],[0.0124189],[0.06208966]
[4.99961],[0.0127698],[0.06384402]
[4.99952],[0.0126153],[0.06307044]
[4.99958],[0.0125928],[0.06295871]
[4.99952],[0.0125902],[0.06294496]
[4.99968],[0.0124903],[0.06244751]
[4.99945],[0.0126169],[0.06307756]
[4.99946],[0.0124394],[0.06219029]
[4.99977],[0.0125734],[0.06286411]
[4.99953],[0.0125579],[0.06278359]
[4.99962],[0.0124042],[0.06201629]
[4.99958],[0.0121768],[0.06087888]
[4.99962],[0.0126663],[0.06332669]
[4.99984],[0.0125464],[0.06272998]
[4.99966],[0.0126763],[0.06337719]
[4.99958],[0.0124574],[0.06228177]
[4.99953],[0.0123877],[0.06193268]
[4.99968],[0.0125557],[0.06277448]
[4.99959],[0.0127432],[0.06371077]
[4.99965],[0.0128554],[0.0642725]
[4.99994],[0.0122619],[0.06130876]
[4.99958],[0.0127703],[0.06384613]
[4.9994],[0.0122589],[0.06128715]
[4.99944],[0.0125462],[0.06272398]
[4.9995],[0.0123843],[0.0619153]
[4.99962],[0.0126089],[0.06303971]
[4.99953],[0.0125882],[0.06293508]
[4.9995],[0.0125614],[0.06280072]
[4.9997],[0.0122965],[0.06147881]
[4.99959],[0.0125098],[0.06254387]
[4.99953],[0.0125172],[0.06258012]
[4.99961],[0.0124311],[0.06215065]
[4.99961],[0.0122803],[0.06139671]
[4.99948],[0.0124613],[0.06230002]
[4.99949],[0.0127932],[0.06395947]
[4.99945],[0.0126184],[0.06308506]
[4.99955],[0.0128766],[0.0643772]
[4.99929],[0.0126336],[0.06315903]
[4.99933],[0.0125797],[0.06289008]
[4.99963],[0.0124967],[0.06247887]
[4.99942],[0.0124418],[0.06220179]
[4.99984],[0.0125431],[0.06271349]
[4.99972],[0.012497],[0.0624815]
[4.99964],[0.0126612],[0.06330144]
[4.99959],[0.0125335],[0.06266236]
[4.99953],[0.0124657],[0.06232264]
[4.9995],[0.0126492],[0.06323967]
[4.99917],[0.0123953],[0.06196621]
[4.99955],[0.0123911],[0.06194992]
[4.99924],[0.0129715],[0.06484764]
[4.99958],[0.0126321],[0.0631552]
[4.99955],[0.0125402],[0.06269535]
[4.99965],[0.0127616],[0.06380354]
[4.99969],[0.0124614],[0.06230314]
[4.99943],[0.0125181],[0.06258337]
[4.99959],[0.012627],[0.06312982]
[4.99951],[0.012463],[0.06230889]
[4.99952],[0.0125419],[0.06270348]
[4.99948],[0.0129799],[0.06489275]
[4.99963],[0.0127793],[0.06389177]
[4.9999],[0.0124582],[0.06228975]
[4.99961],[0.0123934],[0.06196216]
[4.99985],[0.0126536],[0.0632661]
[4.99961],[0.0125978],[0.06298409]
[4.99965],[0.0126427],[0.06320908]
[4.99958],[0.0126469],[0.06322919]
[4.9995],[0.0124378],[0.06218278]
[4.99947],[0.0124404],[0.06219541]
[4.9995],[0.012921],[0.06459854]
[4.99927],[0.0128609],[0.06429511]
[4.99959],[0.0123574],[0.06178193]
[4.99961],[0.0126008],[0.06299908]
[4.99971],[0.0126164],[0.06307834]
[4.99942],[0.0129069],[0.06452701]
[4.99965],[0.0126262],[0.06312658]
[4.99947],[0.012662],[0.06330329]
[4.9995],[0.0126484],[0.06323567]
[4.9995],[0.012391],[0.0619488]
[4.99942],[0.0126254],[0.06311968]
[4.99957],[0.0125081],[0.06253512]
[4.99965],[0.0126488],[0.06323957]
[4.99947],[0.0126688],[0.06333729]
[4.99971],[0.0127484],[0.0637383]
[4.99903],[0.0125871],[0.06292329]
[4.99954],[0.0126433],[0.06321068]
[4.99913],[0.0123468],[0.06172326]
[4.99968],[0.0124709],[0.06235051]
[4.99949],[0.0126459],[0.06322305]
[4.99958],[0.0124815],[0.06240226]
[4.99971],[0.0127985],[0.06398879]
[4.99938],[0.0126483],[0.06323366]
[4.99946],[0.0127546],[0.06376611]
[4.99949],[0.012629],[0.06313855]
[4.99939],[0.012615],[0.06306731]
[4.99954],[0.0124273],[0.06213078]
[4.99897],[0.0126296],[0.06313499]
[4.99969],[0.0126527],[0.06325958]
[4.99948],[0.0124978],[0.0624825]
[4.99911],[0.0127975],[0.06397612]
[4.99947],[0.0125352],[0.06266936]
[4.99976],[0.01257],[0.06284699]
[4.99958],[0.0125946],[0.06296771]
[4.99967],[0.0124799],[0.06239538]
[4.99912],[0.0125132],[0.06255499]
[4.99957],[0.0126194],[0.06309158]
[4.99937],[0.0125199],[0.06259161]
[4.9998],[0.0125739],[0.06286699]
[4.99939],[0.0123672],[0.06182846]
[4.99948],[0.0123788],[0.06188756]
[4.99964],[0.0125643],[0.06281698]
[4.99984],[0.01284],[0.06419794]
[4.99954],[0.0125443],[0.06271573]
[4.99958],[0.0126825],[0.06340718]
[4.99941],[0.012676],[0.06337252]
[4.99949],[0.012532],[0.06265361]
[4.99945],[0.0125893],[0.06293958]
[4.99941],[0.0125888],[0.06293657]
[4.99965],[0.0127978],[0.06398452]
[4.99933],[0.012697],[0.0634765]
[4.99935],[0.0123035],[0.0615095]
[4.99987],[0.0125079],[0.06253787]
[4.99942],[0.0122457],[0.0612214]
[4.99964],[0.0125994],[0.06299247]
[4.99969],[0.01269],[0.06344607]
[4.99963],[0.0123884],[0.06193741]
[4.99958],[0.0126142],[0.0630657]
[4.99945],[0.012657],[0.06327804]
[4.99962],[0.012398],[0.06198529]
[4.99951],[0.0123963],[0.06197542]
[4.99966],[0.0124157],[0.06207428]
[4.99965],[0.012637],[0.06318057]
[4.99969],[0.0128284],[0.06413803]
[4.99961],[0.0127541],[0.06376553]
[4.99989],[0.0125985],[0.06299111]
[4.99958],[0.0124264],[0.06212678]
[4.9995],[0.0126379],[0.06318318]
[4.99947],[0.0124881],[0.06243388]
[4.99942],[0.0126818],[0.06340165]
[4.99958],[0.0126595],[0.06329218]
[4.99955],[0.0125828],[0.06290834]
[4.99946],[0.0123548],[0.06176733]
[4.99943],[0.0124639],[0.0623124]
[4.99934],[0.0124575],[0.06227928]
[4.99951],[0.0125999],[0.06299333]
[4.99905],[0.0128477],[0.0642263]
[4.9996],[0.0124712],[0.06235101]
[4.99976],[0.012277],[0.06138206]
[4.9996],[0.0122425],[0.0612076]
[4.99957],[0.0119785],[0.05988735]
[4.99909],[0.0121951],[0.06096441]
[4.99976],[0.0122243],[0.06111857]
[4.9993],[0.0123305],[0.06164387]
[4.99956],[0.0122189],[0.06108912]
[4.99941],[0.0121081],[0.06053336]
[4.99941],[0.0121158],[0.06057185]
[4.99952],[0.0123435],[0.06171157]
[4.99976],[0.0122903],[0.06144855]
[4.99946],[0.0120324],[0.0601555]
[4.99933],[0.0124214],[0.06209868]
[4.99953],[0.012004],[0.06001436]
[4.99929],[0.0123516],[0.06174923]
[4.99916],[0.0125426],[0.06270246]
[4.99924],[0.012168],[0.06083075]
[4.99881],[0.0122884],[0.06142737]
[4.9993],[0.0127121],[0.0635516]
[4.99934],[0.0123419],[0.06170135]
[4.9998],[0.0132679],[0.06633685]
[4.99256],[0.0254205],[0.12691337]
[4.99351],[0.02579],[0.12878262]
[4.99409],[0.0252736],[0.12621863]
[4.99275],[0.0304202],[0.15188046]
[4.99356],[0.0261189],[0.13042629]
[4.99442],[0.0266238],[0.13297044]
[4.99224],[0.026855],[0.1340666]
[4.99906],[0.0209838],[0.10489928]
[4.99969],[0.0125279],[0.06263562]
[5.00009],[0.012448],[0.06224112]
[4.99977],[0.0126681],[0.06333759]
[4.99949],[0.0124482],[0.06223465]
[4.99944],[0.0125997],[0.06299145]
[4.99984],[0.0124847],[0.0624215]
[4.99965],[0.0123001],[0.06149619]
[4.99965],[0.0125957],[0.0629741]
[4.99934],[0.0125256],[0.06261974]
[4.99944],[0.0126893],[0.0634394]
[4.99949],[0.0126444],[0.06321555]
[4.99952],[0.0125373],[0.06268048]
[4.99918],[0.0124833],[0.06240626]
[4.99963],[0.0126394],[0.06319232]
[4.99933],[0.0124902],[0.06244263]
[4.99969],[0.012819],[0.06409103]
[4.99951],[0.012765],[0.06381874]
[4.99974],[0.012843],[0.06421166]
[4.99989],[0.0142354],[0.07117543]
[4.99895],[0.0124065],[0.06201947]
[4.99943],[0.0127809],[0.06389721]
[4.99992],[0.0122127],[0.06106252]
[4.99939],[0.0127459],[0.06372172]
[4.99954],[0.0124518],[0.06225327]
[4.99948],[0.0124729],[0.06235801]
[4.99954],[0.0125972],[0.0629802]
[4.99942],[0.0127141],[0.06356313]
[4.99944],[0.0124011],[0.06199856]
[4.99924],[0.0125814],[0.06289744]
[4.99925],[0.0125656],[0.06281857]
[4.99963],[0.0130109],[0.06504969]
[4.99962],[0.0125701],[0.06284572]
[4.99957],[0.0125318],[0.06265361]
[4.99968],[0.012409],[0.06204103]
[4.99968],[0.0127323],[0.06365743]
[4.99953],[0.0123922],[0.06195517]
[4.99973],[0.0127666],[0.06382956]
[4.99971],[0.0123479],[0.06173592]
[4.99954],[0.0126873],[0.06343067]
[4.99945],[0.0123897],[0.06194169]
[4.99949],[0.0126027],[0.06300707]
[4.99956],[0.0123807],[0.06189805]
[4.99963],[0.0124091],[0.06204091]
[4.9998],[0.0125231],[0.062613]
[4.99926],[0.0125687],[0.0628342]
[4.99961],[0.0123945],[0.06196766]
[4.99971],[0.0125444],[0.06271836]
[4.99965],[0.0124246],[0.06211865]
[4.99945],[0.0123898],[0.06194219]
[4.99985],[0.012581],[0.06290311]
[4.99958],[0.0126667],[0.06332818]
[5.],[0.0127841],[0.0639205]
[4.99915],[0.0128038],[0.06400812]
[4.99957],[0.0127476],[0.06373251]
[4.99939],[0.0123996],[0.06199044]
[4.99964],[0.0125995],[0.06299296]
[4.99958],[0.0124792],[0.06239076]
[4.99945],[0.0127953],[0.06396946]
[4.99956],[0.0123877],[0.06193305]
[4.9995],[0.0125001],[0.06249425]
[4.99949],[0.0126319],[0.06315305]
[4.99977],[0.0122094],[0.06104419]
[4.9995],[0.0123989],[0.0619883]
[4.99921],[0.0124977],[0.06247862]
[4.99939],[0.01239],[0.06194244]
[4.99972],[0.0124811],[0.06240201]
[4.99926],[0.0125015],[0.06249825]
[4.99964],[0.0128075],[0.06403289]
[4.99946],[0.0124437],[0.06221178]
[4.99965],[0.0127003],[0.06349705]
[4.99944],[0.0124635],[0.06231052]
[4.99966],[0.0126074],[0.06303272]
[4.99947],[0.0127824],[0.06390522]
[4.99946],[0.0126202],[0.06309419]
[4.99958],[0.0123348],[0.06166882]
[4.9996],[0.012905],[0.06451984]
[4.99966],[0.0122381],[0.06118634]
[4.99952],[0.0128329],[0.06415834]
[4.99949],[0.0126775],[0.06338103]
[4.99963],[0.0125787],[0.06288885]
[4.99963],[0.0127562],[0.06377628]
[4.99968],[0.0126335],[0.06316346]
[4.99957],[0.0126485],[0.06323706]
[4.9994],[0.0124657],[0.06232102]
[4.99962],[0.0124634],[0.06231226]
[4.99966],[0.0124405],[0.06219827]
[4.99956],[0.0122626],[0.0613076]
[4.99946],[0.0126015],[0.0630007]
[4.99948],[0.0126392],[0.06318942]
[4.99951],[0.0124692],[0.06233989]
[4.99946],[0.0126631],[0.06330866]
[4.99959],[0.0126324],[0.06315682]
[4.9995],[0.0127672],[0.06382962]
[4.99965],[0.0124734],[0.06236263]
[4.99955],[0.0124626],[0.06230739]
[4.99939],[0.0128008],[0.06399619]
[4.99959],[0.0127374],[0.06368177]
[4.99996],[0.0125004],[0.0625015]
[4.99934],[0.0126321],[0.06315216]
[4.99952],[0.0126351],[0.06316943]
[4.99968],[0.0125098],[0.06254499]
[4.9996],[0.0125974],[0.06298196]
[4.99948],[0.012435],[0.06216853]
[4.99944],[0.0125127],[0.06255649]
[4.99949],[0.0126355],[0.06317105]
[4.99967],[0.0124843],[0.06241738]
[4.99958],[0.0126431],[0.06321019]
[4.99959],[0.0126229],[0.06310932]
[4.99952],[0.0126871],[0.06342941]
[4.99963],[0.0124473],[0.06223189]
[4.9996],[0.0126255],[0.06312244]
[4.99964],[0.0126199],[0.06309495]
[4.9993],[0.0125991],[0.06298668]
[4.99982],[0.01261],[0.06304773]
[4.99958],[0.0125009],[0.06249925]
[4.99961],[0.0124183],[0.06208666]
[4.99968],[0.0124514],[0.06225302]
[4.99942],[0.0126479],[0.06323217]
[4.99975],[0.0127917],[0.0639553]
[4.99928],[0.0126713],[0.06334738]
[4.99952],[0.0125875],[0.06293146]
[4.99936],[0.0127361],[0.06367235]
[4.99973],[0.0124436],[0.06221464]
[4.9997],[0.0127859],[0.06392567]
[4.99905],[0.0124417],[0.06219668]
[4.99967],[0.0125703],[0.06284735]
[4.99942],[0.0125903],[0.0629442]
[4.99941],[0.0124913],[0.06244913]
[4.99968],[0.0124106],[0.06204903]
[4.99924],[0.0126454],[0.06321739]
[4.99944],[0.0124467],[0.06222653]
[4.99964],[0.0124192],[0.06209153]
[4.99947],[0.012572],[0.06285334]
[4.99944],[0.0123864],[0.06192507]
[4.99964],[0.0125555],[0.06277297]
[4.9995],[0.0124022],[0.0620048]
[4.99956],[0.012563],[0.06280947]
[4.99964],[0.0123991],[0.06199104]
[4.99947],[0.0126932],[0.06345928]
[4.99964],[0.0123986],[0.06198854]
[4.9996],[0.0125635],[0.06281247]
[4.99967],[0.0124297],[0.0621444]
[4.99964],[0.0127034],[0.06351243]
[4.99957],[0.012579],[0.06288959]
[5.00008],[0.0126027],[0.06301451]
[4.9996],[0.0125128],[0.06255899]
[4.99954],[0.0123455],[0.06172182]
[4.99942],[0.0127188],[0.06358663]
[4.9999],[0.0126361],[0.06317923]
[4.99932],[0.0123729],[0.06185609]
[4.99949],[0.0124516],[0.06225165]
[4.99955],[0.0125059],[0.06252387]
[4.99953],[0.0125092],[0.06254011]
[4.99916],[0.0128363],[0.06417071]
[4.99967],[0.0127397],[0.0636943]
[4.99948],[0.0124866],[0.06242651]
[4.99958],[0.0124691],[0.06234026]
[4.99962],[0.0124471],[0.06223077]
[4.99936],[0.0124528],[0.06225603]
[4.99954],[0.0126491],[0.06323968]
[4.9996],[0.012611],[0.06304996]
[4.99951],[0.0127334],[0.06366076]
[4.99968],[0.0125455],[0.06272349]
[4.99968],[0.0124167],[0.06207953]
[4.99953],[0.012948],[0.06473392]
[4.99932],[0.012809],[0.06403629]
[4.99922],[0.012455],[0.06226528]
[4.99977],[0.0127192],[0.06359307]
[4.9996],[0.0126959],[0.06347442]
[4.99965],[0.0127206],[0.06359854]
[4.99935],[0.0126462],[0.06322278]
[4.9995],[0.0129611],[0.06479902]
[4.99954],[0.0129066],[0.06452706]
[4.99952],[0.0123478],[0.06173307]
[4.99928],[0.0126249],[0.06311541]
[4.99958],[0.0127613],[0.06380114]
[4.99959],[0.0126257],[0.06312332]
[4.9995],[0.0126245],[0.06311619]
[4.99964],[0.0128673],[0.06433187]
[4.99947],[0.0124688],[0.06233739]
[4.99961],[0.0124434],[0.06221215]
[4.99958],[0.0124588],[0.06228877]
[4.99977],[0.0122552],[0.06127318]
[4.99959],[0.0125951],[0.06297034]
[4.9998],[0.0129745],[0.0648699]
[4.99956],[0.0124729],[0.06235901]
[4.99955],[0.0124512],[0.06225039]
[4.99933],[0.0125266],[0.0626246]
[4.99954],[0.0126036],[0.0630122]
[4.99959],[0.0125238],[0.06261387]
[4.99947],[0.0124268],[0.06212742]
[4.99961],[0.0125052],[0.06252112]
[4.99931],[0.0128885],[0.0644336]
[4.99995],[0.0124468],[0.06223338]
[4.99948],[0.0129731],[0.06485875]
[4.99924],[0.0120735],[0.06035832]
[4.99986],[0.0121105],[0.0605508]
[4.99963],[0.0119812],[0.05990157]
[4.99947],[0.0122504],[0.06124551]
[4.99947],[0.0121653],[0.06082005]
[5.],[0.0122552],[0.061276]
[4.99955],[0.0122173],[0.061081]
[4.99975],[0.0123656],[0.06182491]
[4.99949],[0.0120387],[0.06018736]
[4.9996],[0.0123287],[0.06163857]
[4.99953],[0.012033],[0.06015934]
[4.99938],[0.0121935],[0.06095994]
[4.99948],[0.012097],[0.06047871]
[4.99962],[0.0121215],[0.0606029]
[4.99916],[0.0120849],[0.06041435]
[4.99909],[0.012305],[0.0615138]
[4.99949],[0.0126419],[0.06320305]
[4.99938],[0.012153],[0.06075747]
[4.99921],[0.012403],[0.0620052]
[4.99917],[0.0123247],[0.06161327]
[4.99555],[0.0255154],[0.12746346]
[4.99391],[0.0257369],[0.12852776]
[4.99329],[0.0262279],[0.13096352]
[4.99686],[0.0298613],[0.14921273]
[4.99073],[0.0306374],[0.15290299]
[4.99719],[0.0155469],[0.07769082]
[4.99407],[0.0261953],[0.13082117]
[4.99442],[0.0257427],[0.12856986]
[4.99468],[0.0273452],[0.13658051]
[4.99923],[0.0212161],[0.10606416]
[4.99954],[0.0129514],[0.06475104]
[4.99942],[0.0127285],[0.06363512]
[4.99943],[0.0125469],[0.06272735]
[4.99959],[0.0124329],[0.0621594]
[4.99948],[0.0124118],[0.06205254]
[4.99964],[0.0122608],[0.06129959]
[4.99967],[0.0125058],[0.06252488]
[4.99948],[0.0127371],[0.06367888]
[4.99948],[0.0124798],[0.06239251]
[4.99957],[0.0125581],[0.0627851]
[4.99917],[0.012536],[0.0626696]
[4.99944],[0.0126035],[0.06301045]
[4.99957],[0.0123989],[0.06198917]
[4.99924],[0.0122991],[0.06148615]
[4.99951],[0.012624],[0.06311382]
[4.9995],[0.0127758],[0.06387261]
[4.99958],[0.0127364],[0.06367665]
[4.99968],[0.0127443],[0.06371742]
[4.99949],[0.0141636],[0.07081077]
[4.99965],[0.0125212],[0.06260162]
[4.9993],[0.0124945],[0.06246375]
[4.99949],[0.0126483],[0.06323504]
[4.99941],[0.0125335],[0.06266011]
[4.99906],[0.0127793],[0.06388449]
[4.99965],[0.0125619],[0.0628051]
[4.99958],[0.0125346],[0.06266773]
[4.99968],[0.0127723],[0.06385741]
[4.99966],[0.0124427],[0.06220927]
[4.99953],[0.0127362],[0.06367502]
[4.99951],[0.0124552],[0.06226989]
[4.9995],[0.0126515],[0.06325117]
[4.99949],[0.0126359],[0.06317305]
[4.99942],[0.012806],[0.06402258]
[4.99963],[0.01267],[0.06334531]
[4.99941],[0.0128534],[0.06425942]
[5.00001],[0.0124642],[0.06232113]
[4.99959],[0.0125987],[0.06298833]
[4.99945],[0.012462],[0.06230315]
[4.9995],[0.0126036],[0.06301169]
[4.99962],[0.0126038],[0.06301421]
[4.99974],[0.0126317],[0.06315522]
[4.99971],[0.0126452],[0.06322233]
[4.99951],[0.012604],[0.06301382]
[4.9996],[0.0127071],[0.06353042]
[4.99991],[0.0126379],[0.06318836]
[4.99943],[0.0126476],[0.06323079]
[4.99947],[0.0125061],[0.06252388]
[4.99948],[0.0125222],[0.06260449]
[4.99951],[0.0124706],[0.06234689]
[4.99943],[0.0124537],[0.06226141]
[4.99957],[0.012377],[0.06187968]
[4.9996],[0.0128745],[0.06436735]
[4.99952],[0.0124466],[0.06222702]
[5.00012],[0.0124461],[0.062232]
[4.99925],[0.012625],[0.06311553]
[4.99959],[0.0128088],[0.06403875]
[4.99987],[0.0128397],[0.06419683]
[4.99946],[0.0125023],[0.06250475]
[4.99917],[0.0123779],[0.06187923]
[4.9994],[0.0120811],[0.06039825]
[4.99947],[0.0126077],[0.06303182]
[4.99943],[0.0129016],[0.06450065]
[4.9995],[0.0124612],[0.06229977]
[4.9996],[0.0124682],[0.06233601]
[4.9994],[0.0129124],[0.06455425]
[4.99924],[0.0126246],[0.06311341]
[4.9993],[0.0126051],[0.06301668]
[4.99961],[0.0127908],[0.06394901]
[4.99932],[0.0127891],[0.06393681]
[4.99945],[0.0126016],[0.06300107]
[4.99951],[0.0127311],[0.06364926]
[4.99953],[0.0126153],[0.06307057]
[4.99944],[0.0126292],[0.06313893]
[4.99937],[0.0126122],[0.06305306]
[4.99996],[0.0124916],[0.0624575]
[4.99969],[0.0128054],[0.06402303]
[4.99954],[0.0126641],[0.06331468]
[4.99951],[0.0124786],[0.06238689]
[4.99951],[0.0126629],[0.06330829]
[4.99948],[0.01265],[0.06324342]
[4.99941],[0.0124741],[0.06236314]
[4.99958],[0.0125154],[0.06257174]
[4.99961],[0.0126307],[0.06314857]
[4.99942],[0.0124555],[0.06227028]
[4.99961],[0.0127997],[0.06399351]
[4.99958],[0.0124351],[0.06217027]
[4.9992],[0.012461],[0.06229503]
[4.9994],[0.0126336],[0.06316042]
[4.9992],[0.0126534],[0.06325687]
[4.99958],[0.012657],[0.06327968]
[4.9995],[0.012575],[0.06286871]
[4.99959],[0.012701],[0.06349979]
[4.9995],[0.0123998],[0.0619928]
[4.99967],[0.0125719],[0.06285536]
[4.99953],[0.0125428],[0.0627081]
[4.99958],[0.0127117],[0.06355316]
[4.99967],[0.0124877],[0.06243438]
[4.99931],[0.0127282],[0.06363222]
[4.99961],[0.0123709],[0.06184968]
[4.99937],[0.012405],[0.06201718]
[4.99917],[0.0127111],[0.06354495]
[4.99969],[0.0125692],[0.06284211]
[4.99952],[0.012603],[0.06300895]
[4.99948],[0.0127327],[0.06365688]
[4.99923],[0.0127813],[0.06389666]
[4.99944],[0.0125309],[0.06264748]
[4.99968],[0.0125745],[0.06286848]
[4.99957],[0.0125288],[0.06263861]
[4.99944],[0.0123899],[0.06194257]
[4.99959],[0.0125728],[0.06285884]
[4.99954],[0.0124036],[0.06201229]
[4.99968],[0.0126878],[0.06343494]
[4.99947],[0.0125368],[0.06267735]
[4.99945],[0.0124352],[0.06216916]
[4.99961],[0.0125902],[0.06294609]
[4.99932],[0.0123869],[0.06192608]
[4.99974],[0.0124545],[0.06226927]
[4.99963],[0.012526],[0.06262536]
[4.99935],[0.0129209],[0.0645961]
[4.99951],[0.012465],[0.06231889]
[4.9995],[0.0126882],[0.06343465]
[4.9994],[0.0125407],[0.06269598]
[4.99962],[0.0123823],[0.06190679]
[4.99957],[0.0129822],[0.06490541]
[4.99958],[0.0125338],[0.06266373]
[4.99964],[0.0126015],[0.06300297]
[4.99962],[0.012437],[0.06218027]
[4.99923],[0.0124895],[0.06243788]
[4.99969],[0.0126088],[0.06304009]
[4.99961],[0.0124529],[0.06225964]
[4.99943],[0.0126283],[0.06313431]
[4.99955],[0.0124427],[0.0622079]
[4.99957],[0.012435],[0.06216965]
[4.99937],[0.01247],[0.06234215]
[4.99919],[0.0126016],[0.06299779]
[5.00007],[0.0128476],[0.0642389]
[4.99955],[0.0124658],[0.06232339]
[4.99966],[0.0127213],[0.06360218]
[4.99943],[0.0124124],[0.06205493]
[4.99946],[0.0126186],[0.06308619]
[4.99963],[0.0125551],[0.06277085]
[4.99953],[0.0126156],[0.06307207]
[4.99941],[0.0124544],[0.06226465]
[4.99944],[0.0126607],[0.06329641]
[4.99959],[0.0126311],[0.06315032]
[4.99942],[0.0124231],[0.0621083]
[4.99948],[0.0124825],[0.062406]
[4.99953],[0.0129865],[0.06492639]
[4.99947],[0.0123616],[0.06180145]
[4.99949],[0.0124432],[0.06220965]
[5.0001],[0.0124678],[0.06234025]
[4.99948],[0.0126118],[0.06305244]
[4.99955],[0.0126266],[0.06312732]
[4.99971],[0.0126052],[0.06302235]
[4.9995],[0.0128228],[0.06410759]
[4.99948],[0.0125776],[0.06288145]
[4.99953],[0.0127758],[0.06387299]
[4.99961],[0.0124648],[0.06231914]
[4.99945],[0.0127787],[0.06388648]
[4.99968],[0.012635],[0.06317095]
[4.99949],[0.0125075],[0.06253112]
[4.99986],[0.0125419],[0.06270774]
[4.99955],[0.0128994],[0.06449119]
[4.99937],[0.012639],[0.06318704]
[4.99955],[0.0126342],[0.06316531]
[4.99953],[0.0125318],[0.06265311]
[4.99939],[0.0129185],[0.06458462]
[4.99962],[0.0127597],[0.06379365]
[4.99958],[0.0124889],[0.06243925]
[4.99987],[0.012636],[0.06317835]
[4.99953],[0.0128207],[0.06409747]
[4.99927],[0.0128896],[0.06443859]
[4.99972],[0.0126048],[0.06302048]
[4.99961],[0.0124155],[0.06207266]
[4.99954],[0.0125906],[0.06294721]
[4.99952],[0.0126082],[0.06303494]
[4.99941],[0.0125925],[0.06295507]
[4.99962],[0.0126511],[0.06325069]
[4.99965],[0.0123371],[0.06168118]
[4.99992],[0.0124697],[0.0623475]
[4.99942],[0.0123873],[0.06192932]
[4.99894],[0.0122884],[0.06142898]
[4.99965],[0.0124561],[0.06227614]
[4.99955],[0.0127039],[0.06351379]
[4.99932],[0.0129294],[0.06463821]
[4.99936],[0.0124242],[0.06211305]
[4.99908],[0.0123191],[0.06158417]
[4.99951],[0.0126033],[0.06301032]
[4.99968],[0.0125401],[0.06269649]
[4.99961],[0.0127778],[0.06388401]
[4.99954],[0.0125453],[0.06272072]
[4.99959],[0.0125865],[0.06292734]
[4.99958],[0.0125728],[0.06285872]
[4.99957],[0.0125244],[0.06261661]
[4.99958],[0.0124446],[0.06221778]
[4.99955],[0.0124567],[0.06227789]
[4.99963],[0.012075],[0.06037053]
[4.99932],[0.0120887],[0.06043528]
[4.99952],[0.0120389],[0.06018872]
[4.99963],[0.0123225],[0.06160794]
[4.99929],[0.0120792],[0.06038742]
[4.99963],[0.0119844],[0.05991757]
[4.9994],[0.0121205],[0.06059523]
[4.99977],[0.0120337],[0.06016573]
[4.99949],[0.0126393],[0.06319005]
[4.99964],[0.0120246],[0.06011867]
[4.99967],[0.0123228],[0.06160994]
[4.99944],[0.0120193],[0.06008977]
[4.99931],[0.0119101],[0.05954228]
[4.99937],[0.0123212],[0.06159824]
[4.99938],[0.012509],[0.06253725]
[4.99909],[0.0125238],[0.06260761]
[4.99919],[0.0123809],[0.06189447]
[4.99891],[0.0122501],[0.06123715]
[4.99924],[0.0124419],[0.06220004]
[4.99509],[0.0191914],[0.09586277]
[4.99312],[0.0251382],[0.12551805]
[4.99313],[0.0250564],[0.12510987]
[4.99872],[0.0298109],[0.14901635]
[4.99357],[0.028512],[0.14237666]
[4.99463],[0.0354579],[0.1770991]
[4.99371],[0.0260984],[0.13032785]
[4.9902],[0.0256315],[0.12790631]
[4.99947],[0.0127314],[0.06365026]
[4.99956],[0.0132295],[0.06614167]
[4.99963],[0.0126045],[0.06301784]
[4.99954],[0.0126003],[0.0629957]
[4.99969],[0.0126847],[0.06341957]
[4.99978],[0.012918],[0.06458716]
[4.99921],[0.0128446],[0.06421285]
[4.99954],[0.0124758],[0.06237326]
[4.99927],[0.0126103],[0.0630423]
[4.9995],[0.0126154],[0.06307069]
[4.99921],[0.0127102],[0.06354096]
[4.9996],[0.0124899],[0.0624445]
[4.99958],[0.0121942],[0.06096588]
[4.99963],[0.0127877],[0.06393377]
[4.99951],[0.0126303],[0.06314531]
[4.99921],[0.0124666],[0.06232315]
[4.99913],[0.0126881],[0.06342946]
[4.99981],[0.0125044],[0.06251962]
[4.99962],[0.0126312],[0.0631512]
[4.99953],[0.0144074],[0.07203022]
[4.99947],[0.012508],[0.06253338]
[4.9999],[0.0128202],[0.06409971]
[4.99953],[0.0126438],[0.06321306]
[4.99974],[0.0126232],[0.06311272]
[4.9996],[0.0126244],[0.06311695]
[4.99943],[0.0125333],[0.06265935]
[4.99974],[0.0126318],[0.06315572]
[4.99952],[0.0124518],[0.06225302]
[4.99967],[0.0124567],[0.06227939]
[4.99956],[0.01246],[0.06229452]
[4.99939],[0.0129692],[0.06483809]
[4.99955],[0.0125811],[0.06289984]
[4.99935],[0.0125626],[0.06280483]
[4.99966],[0.0126138],[0.06306472]
[4.99962],[0.0124741],[0.06236576]
[4.9995],[0.0126742],[0.06336466]
[4.9996],[0.0124173],[0.06208153]
[4.99944],[0.0126],[0.06299295]
[4.9997],[0.0125464],[0.06272823]
[4.99995],[0.0126088],[0.06304337]
[4.99926],[0.0129543],[0.06476191]
[4.99978],[0.0124659],[0.06232676]
[4.99948],[0.0126706],[0.06334641]
[4.99955],[0.0126167],[0.06307781]
[4.99991],[0.0122335],[0.0611664]
[4.99947],[0.0124934],[0.06246038]
[4.99953],[0.0126046],[0.06301707]
[4.99964],[0.0126252],[0.06312145]
[4.9996],[0.01244],[0.06219502]
[4.99976],[0.0125865],[0.06292948]
[4.99937],[0.0124575],[0.06227965]
[4.99924],[0.0124732],[0.06235652]
[4.9996],[0.0122591],[0.06129059]
[4.99965],[0.0129142],[0.06456648]
[4.99959],[0.012447],[0.06222989]
[4.99957],[0.0127057],[0.06352303]
[4.99944],[0.0128642],[0.0643138]
[4.9995],[0.0126044],[0.06301569]
[4.99905],[0.0129757],[0.06486618]
[4.99979],[0.0124886],[0.06244038]
[4.99978],[0.0124648],[0.06232126]
[4.99924],[0.0126016],[0.06299842]
[4.99954],[0.0123983],[0.06198579]
[4.99965],[0.0126072],[0.06303159]
[4.99968],[0.0124041],[0.06201653]
[4.9995],[0.0123778],[0.06188281]
[4.99962],[0.0125424],[0.06270723]
[4.99967],[0.0124323],[0.0621574]
[4.99966],[0.0126538],[0.0632647]
[4.99984],[0.0126272],[0.06313398]
[4.99945],[0.0123831],[0.06190869]
[4.99962],[0.0126515],[0.06325269]
[4.99949],[0.0128104],[0.06404546]
[4.99954],[0.012421],[0.06209929]
[4.99925],[0.0124025],[0.0620032]
[4.99966],[0.0124264],[0.06212777]
[4.9996],[0.0125705],[0.06284747]
[4.99959],[0.0123838],[0.06191392]
[4.99955],[0.0123998],[0.06199342]
[4.99943],[0.0124224],[0.06210492]
[4.99952],[0.0126017],[0.06300244]
[4.99941],[0.0124178],[0.06208168]
[4.99963],[0.0123649],[0.06181992]
[4.99981],[0.0123669],[0.06183215]
[4.99966],[0.0125639],[0.06281523]
[4.99973],[0.0123046],[0.06151968]
[4.99964],[0.0125019],[0.062505]
[4.99946],[0.0124599],[0.06229278]
[4.99933],[0.0126182],[0.06308255]
[4.99939],[0.0129617],[0.06480059]
[4.99944],[0.012447],[0.06222803]
[4.99951],[0.012601],[0.06299882]
[4.99919],[0.012438],[0.06217992]
[5.00004],[0.0126555],[0.06327801]
[5.],[0.0124673],[0.0623365]
[4.99955],[0.0125931],[0.06295983]
[4.99934],[0.012646],[0.06322166]
[4.99947],[0.0124261],[0.06212392]
[4.9996],[0.0124623],[0.06230652]
[5.00001],[0.0126334],[0.06316712]
[4.99949],[0.0126699],[0.06334304]
[4.99952],[0.0124284],[0.06213603]
[4.99967],[0.0124714],[0.06235288]
[4.99968],[0.0126173],[0.06308246]
[4.99933],[0.012617],[0.06307655]
[4.99963],[0.0126482],[0.06323632]
[4.99963],[0.0125127],[0.06255887]
[4.9997],[0.0126065],[0.06302872]
[4.9996],[0.0128945],[0.06446734]
[4.99956],[0.0124022],[0.06200554]
[4.99955],[0.0125101],[0.06254487]
[4.99993],[0.0126115],[0.06305662]
[4.99914],[0.0127446],[0.06371204]
[4.99914],[0.0124364],[0.0621713]
[4.99945],[0.0128137],[0.06406146]
[4.99968],[0.0126873],[0.06343244]
[4.99916],[0.0124254],[0.06211656]
[4.9997],[0.0128603],[0.06429765]
[4.99962],[0.012433],[0.06216028]
[4.99946],[0.0126446],[0.06321617]
[4.99948],[0.01238],[0.06189356]
[4.99965],[0.0126432],[0.06321158]
[4.9991],[0.0122883],[0.06143044]
[4.99955],[0.0123492],[0.06174044]
[4.99937],[0.0126465],[0.06322453]
[4.99953],[0.0124436],[0.06221215]
[4.99958],[0.0124253],[0.06212128]
[4.99941],[0.0127001],[0.06349301]
[4.99952],[0.0126189],[0.06308844]
[4.99952],[0.0124943],[0.0624655]
[4.99956],[0.0124451],[0.06222002]
[4.99957],[0.0127499],[0.06374402]
[4.999],[0.0127711],[0.06384273]
[4.99958],[0.0126072],[0.0630307]
[4.99982],[0.0125781],[0.06288824]
[4.99962],[0.0126834],[0.06341218]
[4.99903],[0.0127881],[0.0639281]
[4.9995],[0.0126231],[0.06310918]
[4.99966],[0.0126493],[0.0632422]
[4.99959],[0.0124362],[0.0621759]
[4.99911],[0.0125918],[0.06294779]
[4.99957],[0.0122354],[0.06117174]
[4.9995],[0.0125769],[0.06287821]
[4.99963],[0.0126043],[0.06301684]
[4.99936],[0.0124646],[0.06231502]
[4.99958],[0.0127774],[0.06388164]
[4.9996],[0.0124518],[0.06225402]
[4.99964],[0.0124462],[0.06222652]
[4.99966],[0.0124377],[0.06218427]
[4.99954],[0.0125157],[0.06257274]
[4.99961],[0.0125771],[0.06288059]
[4.99949],[0.0124344],[0.06216566]
[4.9993],[0.0129331],[0.06465644]
[4.99923],[0.0126137],[0.06305879]
[4.99948],[0.0127344],[0.06366538]
[4.99956],[0.0129836],[0.06491228]
[4.99936],[0.0127722],[0.06385282]
[4.99936],[0.0125597],[0.06279046]
[4.99942],[0.012888],[0.06443253]
[4.99954],[0.0124284],[0.06213628]
[4.99962],[0.0124664],[0.06232726]
[4.99958],[0.0123985],[0.06198729]
[4.99944],[0.0122904],[0.06144512]
[4.9997],[0.0123632],[0.06181229]
[4.99967],[0.0124144],[0.0620679]
[4.99967],[0.0123301],[0.06164643]
[5.00009],[0.012623],[0.06311614]
[4.99958],[0.0122967],[0.06147834]
[4.99941],[0.0125236],[0.06261061]
[4.99954],[0.0123898],[0.0619433]
[4.99927],[0.0125519],[0.06275034]
[4.99931],[0.0126649],[0.06331576]
[4.99935],[0.0122279],[0.06113156]
[4.99945],[0.0128246],[0.06411595]
[4.99949],[0.012628],[0.06313356]
[4.99955],[0.0123724],[0.06185643]
[4.99915],[0.0126827],[0.06340271]
[5.00006],[0.0123794],[0.06189775]
[4.9999],[0.0127096],[0.06354672]
[4.99957],[0.0123963],[0.06197617]
[4.99968],[0.0124062],[0.06202703]
[4.99978],[0.0123933],[0.06196378]
[4.99958],[0.0125505],[0.06274723]
[4.99947],[0.0126092],[0.06303932]
[4.99947],[0.012607],[0.06302832]
[4.99951],[0.0125364],[0.06267586]
[4.99954],[0.0127284],[0.06363614]
[4.9996],[0.0125422],[0.06270599]
[4.99938],[0.0126165],[0.06307468]
[4.99957],[0.012119],[0.06058979]
[4.9995],[0.0125039],[0.06251325]
[4.99951],[0.0124699],[0.06234339]
[4.99957],[0.0126662],[0.06332555]
[4.99934],[0.0122394],[0.06118893]
[4.99968],[0.0122227],[0.06110959]
[4.99957],[0.0122446],[0.06121773]
[4.9995],[0.0124209],[0.06209829]
[4.99953],[0.0126039],[0.06301358]
[4.99937],[0.0122562],[0.06127328]
[4.99933],[0.0120995],[0.06048939]
[4.99934],[0.0122388],[0.06118592]
[4.99963],[0.0123768],[0.06187942]
[4.99959],[0.0122324],[0.06115698]
[4.9996],[0.0120868],[0.06042917]
[4.99937],[0.0123193],[0.06158874]
[4.99924],[0.0120925],[0.06045331]
[4.99963],[0.0123761],[0.06187592]
[4.99956],[0.0122396],[0.06119261]
[4.99952],[0.0122171],[0.06107963]
[4.99948],[0.0124135],[0.06206104]
[4.99885],[0.012245],[0.06121092]
[4.99913],[0.012473],[0.06235415]
[4.99921],[0.0125334],[0.0626571]
[4.99948],[0.0124911],[0.062449]
[4.99389],[0.0184581],[0.09217772]
[4.99265],[0.0252361],[0.12599501]
[4.99226],[0.0262331],[0.13096245]
[4.99608],[0.0283336],[0.14155693]
[4.99213],[0.0205896],[0.10278595]
[4.99362],[0.0305341],[0.15247568]
[4.99478],[0.026265],[0.1311879]
[4.99413],[0.0266676],[0.13318147]
[4.99956],[0.0211361],[0.1056712]
[4.99963],[0.0123259],[0.06162494]
[4.9995],[0.0128013],[0.06400009]
[4.99942],[0.0127984],[0.06398458]
[4.9995],[0.012546],[0.06272373]
[4.99948],[0.0126146],[0.06306644]
[4.99997],[0.0124103],[0.06205112]
[4.99953],[0.012837],[0.06417897]
[4.99947],[0.0124285],[0.06213592]
[4.99902],[0.0127368],[0.06367152]
[4.99945],[0.01265],[0.06324305]
[4.99964],[0.0127958],[0.0639744]
[4.99991],[0.0124095],[0.06204638]
[4.99942],[0.0126295],[0.06314018]
[4.99933],[0.0124483],[0.06223316]
[4.99947],[0.0127613],[0.06379974]
[4.99947],[0.0123446],[0.06171646]
[4.99953],[0.0126585],[0.06328655]
[4.9999],[0.0143835],[0.07191606]
[4.99962],[0.0124716],[0.06235326]
[4.99954],[0.0126627],[0.06330767]
[4.99947],[0.0126305],[0.06314581]
[4.99971],[0.0122483],[0.06123795]
[4.99961],[0.0123147],[0.0615687]
[4.99953],[0.0125634],[0.06281109]
[4.99949],[0.0129796],[0.06489138]
[4.99961],[0.0128128],[0.064059]
[4.99948],[0.0123995],[0.06199105]
[4.99892],[0.0125444],[0.06270845]
[4.99956],[0.0125333],[0.06266098]
[4.99948],[0.0126369],[0.06317793]
[4.99952],[0.0125377],[0.06268248]
[4.99952],[0.012542],[0.06270397]
[4.99952],[0.0129195],[0.0645913]
[4.9995],[0.0125747],[0.06286721]
[4.99948],[0.0122166],[0.06107664]
[4.99938],[0.0125411],[0.06269773]
[4.99954],[0.0127134],[0.06356115]
[4.99952],[0.0123754],[0.06187106]
[4.9996],[0.0124062],[0.06202604]
[4.99954],[0.0125424],[0.06270622]
[4.99948],[0.0126666],[0.06332641]
[4.99964],[0.0123257],[0.06162407]
[4.99951],[0.0124216],[0.06210191]
[4.9997],[0.0127751],[0.06387167]
[4.99944],[0.0128071],[0.06402833]
[4.99974],[0.012777],[0.06388168]
[4.99953],[0.0128401],[0.06419446]
[4.99968],[0.0124208],[0.06210002]
[4.99949],[0.0127201],[0.06359401]
[4.99917],[0.012552],[0.06274958]
[4.9997],[0.0125661],[0.06282673]
[4.99955],[0.0123804],[0.06189642]
[4.99962],[0.012499],[0.06249025]
[4.99953],[0.0125624],[0.06280609]
[4.99953],[0.0126392],[0.06319006]
[4.99959],[0.0126102],[0.06304583]
[4.99949],[0.0127246],[0.06361651]
[4.99947],[0.0126214],[0.06310032]
[4.99948],[0.0126785],[0.0633859]
[4.99907],[0.012635],[0.06316325]
[4.99956],[0.0127387],[0.06368789]
[4.99924],[0.0126112],[0.06304642]
[4.99963],[0.0124792],[0.06239138]
[4.99953],[0.0127839],[0.06391349]
[4.99949],[0.0129409],[0.0646979]
[5.00002],[0.0122855],[0.06142775]
[4.99938],[0.0128413],[0.06419854]
[4.9995],[0.0126233],[0.06311019]
[4.99893],[0.0124844],[0.06240864]
[4.99968],[0.0124334],[0.06216303]
[4.9995],[0.0126864],[0.06342565]
[4.99952],[0.0122089],[0.06103864]
[4.99959],[0.0124675],[0.06233239]
[4.99964],[0.0126107],[0.06304896]
[4.99966],[0.0123262],[0.06162681]
[4.99961],[0.0124831],[0.06241063]
[4.99956],[0.0126283],[0.06313594]
[4.9995],[0.012943],[0.06470852]
[4.99941],[0.0124999],[0.06249212]
[4.99969],[0.0126382],[0.06318709]
[4.99951],[0.0126398],[0.06319281]
[4.99947],[0.0127833],[0.06390973]
[4.99952],[0.0128965],[0.0644763]
[4.99968],[0.0129146],[0.06456887]
[4.99957],[0.0124442],[0.06221565]
[4.99975],[0.012462],[0.06230689]
[4.9994],[0.0126383],[0.06318392]
[4.99957],[0.0125239],[0.06261411]
[4.99963],[0.0125039],[0.06251487]
[4.99958],[0.0124621],[0.06230526]
[4.9996],[0.0126511],[0.06325044]
[4.99948],[0.0126034],[0.06301045]
[4.99946],[0.0126203],[0.06309469]
[4.9994],[0.0127814],[0.06389933]
[4.99908],[0.0124573],[0.06227504]
[4.99948],[0.0126043],[0.06301494]
[4.99964],[0.0124529],[0.06226002]
[4.99961],[0.0126152],[0.06307108]
[4.99943],[0.0125828],[0.06290683]
[4.99942],[0.0129629],[0.06480698]
[4.99957],[0.0124283],[0.06213616]
[4.99957],[0.0124461],[0.06222515]
[4.99952],[0.0125023],[0.0625055]
[4.99935],[0.012735],[0.06366672]
[4.99972],[0.0126008],[0.06300047]
[4.99961],[0.0127779],[0.06388452]
[4.99958],[0.0126101],[0.0630452]
[4.99934],[0.0124355],[0.06216929]
[4.99961],[0.0125962],[0.06297608]
[4.99951],[0.0124512],[0.0622499]
[4.99963],[0.0124549],[0.06226989]
[4.99954],[0.0124889],[0.06243875]
[4.99948],[0.0127356],[0.06367137]
[4.9995],[0.0127179],[0.06358314]
[4.99949],[0.01291],[0.06454341]
[4.99963],[0.0124626],[0.06230839]
[4.99966],[0.0125476],[0.06273373]
[4.99953],[0.0122373],[0.06118075]
[4.99929],[0.0126726],[0.063354]
[4.99927],[0.0124419],[0.06220042]
[4.99946],[0.0126305],[0.06314568]
[4.99945],[0.0122966],[0.06147624]
[4.99938],[0.0126381],[0.06318267]
[4.9996],[0.012558],[0.06278498]
[4.9995],[0.0126383],[0.06318518]
[4.99974],[0.0123749],[0.06187129]
[4.99959],[0.0123966],[0.06197792]
[4.99955],[0.012552],[0.06275435]
[4.99968],[0.0122183],[0.06108759]
[4.99955],[0.0126789],[0.06338879]
[4.99956],[0.0122179],[0.06108412]
[4.9996],[0.0123831],[0.06191054]
[4.99951],[0.0124552],[0.06226989]
[4.99947],[0.0124221],[0.06210392]
[4.99937],[0.0126097],[0.06304055]
[4.99945],[0.0123678],[0.0618322]
[4.99957],[0.0121929],[0.06095926]
[4.99959],[0.0123695],[0.06184243]
[4.99962],[0.0124182],[0.06208628]
[4.99916],[0.0123874],[0.06192659]
[4.99949],[0.0123011],[0.06149923]
[4.99954],[0.0129237],[0.06461255]
[4.99979],[0.0124645],[0.06231989]
[4.99975],[0.0126339],[0.06316634]
[4.99986],[0.0125762],[0.06287923]
[4.99948],[0.0123708],[0.06184756]
[4.99952],[0.0126448],[0.06321793]
[4.99947],[0.0124261],[0.06212392]
[4.99923],[0.0126933],[0.06345672]
[4.99946],[0.0123848],[0.06191732]
[4.99956],[0.0127522],[0.06375539]
[4.9998],[0.012278],[0.06138755]
[4.99957],[0.012258],[0.06128472]
[4.9996],[0.0124946],[0.062468]
[4.99983],[0.0126207],[0.06310135]
[4.99957],[0.0126628],[0.06330855]
[4.99966],[0.0126632],[0.0633117]
[4.99977],[0.0125934],[0.0629641]
[4.99957],[0.0125967],[0.06297808]
[4.99964],[0.0127436],[0.06371341]
[4.99985],[0.0124661],[0.06232863]
[4.9997],[0.0124778],[0.06238526]
[4.99972],[0.012439],[0.06219152]
[4.99959],[0.0123763],[0.06187642]
[4.99966],[0.012975],[0.06487059]
[4.99945],[0.0124862],[0.06242413]
[4.99912],[0.0126283],[0.06313039]
[4.99956],[0.012791],[0.06394937]
[4.9994],[0.0124882],[0.06243351]
[4.99948],[0.0126827],[0.0634069]
[4.99944],[0.0126215],[0.06310043]
[4.99959],[0.0127986],[0.06398775]
[4.99961],[0.0125317],[0.06265361]
[4.99965],[0.0124651],[0.06232114]
[4.99934],[0.0124882],[0.06243276]
[4.99948],[0.0126786],[0.0633864]
[5.00016],[0.0127081],[0.06354254]
[4.99939],[0.012787],[0.0639272]
[4.99962],[0.0127805],[0.06389764]
[4.9996],[0.0127754],[0.06387189]
[4.99952],[0.0124368],[0.06217803]
[4.99942],[0.0129006],[0.06449552]
[4.99931],[0.0124468],[0.06222541]
[4.99963],[0.0126662],[0.06332631]
[4.99932],[0.0124957],[0.06247]
[4.99943],[0.012728],[0.06363275]
[4.99948],[0.0128598],[0.06429231]
[4.99953],[0.0126047],[0.06301758]
[4.99955],[0.012804],[0.06401423]
[4.99962],[0.0126238],[0.0631142]
[4.99942],[0.0126203],[0.06309418]
[4.99907],[0.0122546],[0.06126161]
[4.99958],[0.0120667],[0.06032843]
[4.99944],[0.0122129],[0.06105766]
[4.9995],[0.0121801],[0.06089441]
[4.99956],[0.0122404],[0.06119661]
[4.99954],[0.0120622],[0.06030545]
[4.99933],[0.0125098],[0.06254061]
[4.99945],[0.011919],[0.05958845]
[4.99968],[0.0120708],[0.06035014]
[4.99931],[0.0119466],[0.05972476]
[4.99945],[0.0124346],[0.06216616]
[4.99956],[0.0122514],[0.06125161]
[4.9998],[0.0120858],[0.06042659]
[4.99951],[0.0122342],[0.061165]
[4.9992],[0.0120674],[0.06032734]
[4.99904],[0.0124526],[0.06225105]
[4.99983],[0.0125911],[0.06295336]
[4.9995],[0.0126499],[0.06324317]
[4.99944],[0.0122715],[0.06135063]
[4.99808],[0.0135798],[0.06787292]
[4.99241],[0.0254817],[0.1272151]
[4.9931],[0.0248779],[0.12421785]
[4.99486],[0.0242958],[0.12135412]
[4.99206],[0.0301839],[0.15067984]
[4.99453],[0.0245179],[0.12245539]
[4.99566],[0.0265774],[0.13277166]
[4.99071],[0.0266327],[0.13291608]
[4.99948],[0.0210868],[0.10542303]
[4.99953],[0.0125135],[0.06256162]
[4.99896],[0.0124954],[0.06246401]
[4.99971],[0.012371],[0.06185141]
[4.99954],[0.0124223],[0.06210578]
[4.99945],[0.0124268],[0.06212717]
[4.99941],[0.0127215],[0.0636]
[4.99983],[0.0125098],[0.06254687]
[4.99964],[0.0127298],[0.06364442]
[4.99943],[0.0123987],[0.06198644]
[4.99955],[0.0123778],[0.06188343]
[4.99952],[0.0124089],[0.06203854]
[4.9995],[0.0127643],[0.06381512]
[4.9996],[0.0125118],[0.06255399]
[4.99952],[0.0126143],[0.06306544]
[4.99905],[0.0125467],[0.06272159]
[4.99935],[0.0127402],[0.06369272]
[5.00003],[0.0127417],[0.06370888]
[4.99961],[0.0125624],[0.0628071]
[4.99945],[0.0125687],[0.06283659]
[4.99954],[0.0141323],[0.070655]
[4.99942],[0.01241],[0.0620428]
[4.9994],[0.0125851],[0.06291795]
[4.9996],[0.012571],[0.06284997]
[4.99943],[0.012416],[0.06207292]
[4.99954],[0.0124488],[0.06223827]
[4.99933],[0.0127058],[0.06352049]
[4.99922],[0.0128958],[0.06446894]
[4.99961],[0.0126638],[0.06331407]
[4.99961],[0.0128755],[0.06437248]
[4.99945],[0.0121936],[0.06096129]
[4.99963],[0.0124786],[0.06238838]
[4.99938],[0.0128129],[0.06405656]
[4.99975],[0.0128368],[0.06418079]
[4.99927],[0.0128828],[0.06440459]
[4.99961],[0.0123785],[0.06188767]
[4.99936],[0.012576],[0.06287195]
[4.99951],[0.0126247],[0.06311731]
[4.99967],[0.0123597],[0.06179442]
[4.99948],[0.0125215],[0.06260099]
[4.99972],[0.0127816],[0.06390442]
[4.99965],[0.0125204],[0.06259762]
[4.99921],[0.0125362],[0.0626711]
[4.99961],[0.012606],[0.06302508]
[4.99962],[0.0123268],[0.06162932]
[4.99955],[0.0126107],[0.06304783]
[4.99949],[0.0127025],[0.06350602]
[4.99907],[0.0126813],[0.06339471]
[4.99947],[0.0126062],[0.06302432]
[4.99942],[0.0126327],[0.06315617]
[4.99953],[0.0123221],[0.0616047]
[4.99946],[0.0123192],[0.06158935]
[4.99967],[0.0123688],[0.06183992]
[4.99941],[0.0126599],[0.06329203]
[4.99953],[0.0126561],[0.06327455]
[4.99979],[0.0125054],[0.06252438]
[4.99961],[0.0125918],[0.06295409]
[4.9997],[0.012784],[0.06391616]
[4.9994],[0.0126811],[0.06339789]
[4.99946],[0.0126638],[0.06331217]
[5.00009],[0.0128801],[0.06440166]
[4.9996],[0.012697],[0.06347992]
[4.99959],[0.0121989],[0.0609895]
[4.99906],[0.0124245],[0.06211082]
[4.99935],[0.0128091],[0.06403717]
[4.99948],[0.0124323],[0.06215503]
[4.99954],[0.012449],[0.06223927]
[4.99955],[0.0126475],[0.06323181]
[4.99934],[0.0126433],[0.06320816]
[4.99957],[0.0126177],[0.06308307]
[4.99952],[0.0123473],[0.06173057]
[5.00005],[0.0124274],[0.06213762]
[4.99946],[0.0123842],[0.06191431]
[4.99945],[0.0126055],[0.06302057]
[4.9996],[0.0129692],[0.06484081]
[4.9995],[0.0124192],[0.06208979]
[4.99947],[0.0126719],[0.06335279]
[4.99957],[0.0124699],[0.06234414]
[4.99942],[0.0124145],[0.0620653]
[4.99954],[0.0126199],[0.06309369]
[4.99944],[0.0125998],[0.06299195]
[4.99956],[0.0126731],[0.06335992]
[4.999],[0.0129383],[0.06467856]
[4.99962],[0.0124296],[0.06214327]
[4.99955],[0.0125981],[0.06298483]
[4.9994],[0.0124695],[0.06234002]
[4.99965],[0.0128826],[0.06440849]
[4.9994],[0.0126167],[0.06307593]
[4.99911],[0.0124594],[0.06228592]
[4.99935],[0.0125208],[0.06259587]
[4.99961],[0.012452],[0.06225514]
[4.99986],[0.0126183],[0.06308973]
[4.99952],[0.0124384],[0.06218603]
[4.99967],[0.0124442],[0.06221689]
[4.99954],[0.0124196],[0.06209229]
[4.99963],[0.0129268],[0.06462922]
[4.99963],[0.0127298],[0.06364429]
[4.9994],[0.0123684],[0.06183458]
[4.99967],[0.0124296],[0.0621439]
[4.99962],[0.0124723],[0.06235676]
[4.99935],[0.0125743],[0.06286333]
[4.99984],[0.0123683],[0.06183952]
[4.99944],[0.012884],[0.06441279]
[4.9995],[0.0127701],[0.06384411]
[4.99917],[0.0123992],[0.06198571]
[4.99948],[0.0128697],[0.06434181]
[4.99947],[0.0124357],[0.06217191]
[4.99953],[0.0124931],[0.06245963]
[4.99948],[0.0126145],[0.06306594]
[4.9994],[0.0125763],[0.06287395]
[4.99958],[0.0127282],[0.06363565]
[4.99944],[0.0124193],[0.06208955]
[4.99969],[0.01241],[0.06204615]
[4.99958],[0.0122793],[0.06139134]
[4.99939],[0.0127406],[0.06369523]
[4.9994],[0.0125869],[0.06292695]
[4.9996],[0.0123962],[0.06197604]
[4.99967],[0.0124],[0.06199591]
[4.9995],[0.0123226],[0.06160684]
[5.],[0.0125592],[0.062796]
[4.99931],[0.0126914],[0.06344824]
[4.99952],[0.012414],[0.06206404]
[4.99979],[0.0126058],[0.06302635]
[4.99973],[0.0126475],[0.06323409]
[4.99957],[0.0126233],[0.06311107]
[4.99922],[0.0124175],[0.06207781]
[4.99983],[0.0124561],[0.06227838]
[4.99907],[0.0124802],[0.0623894]
[4.99943],[0.012614],[0.06306281]
[4.99949],[0.0126168],[0.06307756]
[4.9996],[0.0124498],[0.06224402]
[4.99956],[0.0124487],[0.06223802]
[4.99931],[0.0125026],[0.06250437]
[4.99963],[0.0125855],[0.06292284]
[4.99987],[0.0126077],[0.06303686]
[4.99953],[0.0127202],[0.06359502]
[4.99947],[0.0126137],[0.06306182]
[4.99941],[0.012494],[0.06246263]
[4.9994],[0.0124619],[0.06230202]
[4.99956],[0.0124619],[0.06230401]
[4.99947],[0.0123714],[0.06185045]
[4.99952],[0.0128645],[0.06431632]
[4.99972],[0.0126247],[0.06311996]
[4.9996],[0.0125788],[0.06288897]
[4.99947],[0.012596],[0.06297333]
[4.99941],[0.0128484],[0.06423442]
[4.99972],[0.0127345],[0.06366894]
[4.99927],[0.0125729],[0.06285533]
[4.99961],[0.0125255],[0.06262261]
[4.99964],[0.0126105],[0.06304796]
[4.99952],[0.012613],[0.06305894]
[4.99947],[0.0122865],[0.06142599]
[4.99958],[0.0128588],[0.06428859]
[4.99956],[0.0126005],[0.06299695]
[4.99954],[0.0126083],[0.0630357]
[4.9995],[0.0125912],[0.0629497]
[4.99947],[0.0122882],[0.06143449]
[4.99973],[0.0128063],[0.06402805]
[4.99987],[0.0125792],[0.06289436]
[4.9995],[0.01258],[0.0628937]
[4.99951],[0.012706],[0.06352378]
[4.99955],[0.0127086],[0.06353728]
[4.99954],[0.0126081],[0.0630347]
[4.99949],[0.0124854],[0.06242063]
[4.99988],[0.012496],[0.0624785]
[4.99993],[0.0126187],[0.06309262]
[4.99964],[0.0123586],[0.06178855]
[4.99959],[0.0125191],[0.06259037]
[4.99971],[0.012958],[0.06478625]
[4.99952],[0.0127177],[0.06358239]
[4.99954],[0.0125053],[0.06252075]
[4.99965],[0.0127892],[0.06394152]
[4.9994],[0.0124823],[0.06240401]
[4.99946],[0.0125237],[0.06261174]
[4.99955],[0.0124698],[0.06234339]
[4.99954],[0.0126004],[0.0629962]
[4.99963],[0.0122568],[0.06127946]
[4.99953],[0.0123423],[0.0617057]
[4.99919],[0.0122102],[0.06104111]
[4.99956],[0.012709],[0.06353941]
[4.99941],[0.0124501],[0.06224316]
[4.99961],[0.0124782],[0.06238613]
[4.9994],[0.0125136],[0.0625605]
[4.9994],[0.0126456],[0.06322042]
[4.99936],[0.0129946],[0.06496469]
[4.99929],[0.0126345],[0.06316353]
[4.99958],[0.012914],[0.06456458]
[4.99977],[0.0127357],[0.06367557]
[4.99948],[0.0125006],[0.0624965]
[4.99955],[0.0124595],[0.06229189]
[4.99961],[0.0122511],[0.06125072]
[4.99949],[0.0125637],[0.06281209]
[4.99979],[0.0121919],[0.06095694]
[5.00007],[0.0126332],[0.06316689]
[4.99943],[0.0122066],[0.06102604]
[4.99984],[0.0120158],[0.06007707]
[4.99962],[0.0121605],[0.06079788]
[4.99973],[0.0119166],[0.05957979]
[4.99959],[0.0120187],[0.06008857]
[4.99963],[0.0120911],[0.06045103]
[4.99966],[0.0122765],[0.06137833]
[4.99959],[0.012556],[0.06277485]
[4.9995],[0.0121698],[0.06084291]
[4.99943],[0.012164],[0.06081307]
[4.99963],[0.0121498],[0.0607445]
[4.99962],[0.0121685],[0.06083787]
[4.99937],[0.0123215],[0.06159974]
[4.99917],[0.0122267],[0.06112335]
[4.99926],[0.0120341],[0.06016159]
[4.99939],[0.0125399],[0.06269185]
[4.99924],[0.0124517],[0.06224903]
[4.99943],[0.0123713],[0.06184945]
[4.99875],[0.0122903],[0.06143614]
[4.99487],[0.0271804],[0.13576257]
[4.9934],[0.0253546],[0.12660566]
[4.99355],[0.0253039],[0.12635629]
[4.99673],[0.0305359],[0.15257964]
[4.99484],[0.0297014],[0.14835374]
[4.9939],[0.0300214],[0.14992386]
[4.99394],[0.0262881],[0.13128118]
[4.99102],[0.0265433],[0.13247815]
[4.99977],[0.0157537],[0.07876488]
[4.9995],[0.0125941],[0.0629642]
[4.99958],[0.0124847],[0.06241826]
[4.99961],[0.0125658],[0.0628241]
[4.99942],[0.0126232],[0.06310868]
[4.99948],[0.012658],[0.06328341]
[4.99949],[0.0124459],[0.06222315]
[4.99961],[0.0128399],[0.06419449]
[4.99968],[0.0126593],[0.06329245]
[4.99954],[0.0125068],[0.06252825]
[4.99931],[0.0124217],[0.06209993]
[4.99958],[0.0129066],[0.06452758]
[4.99934],[0.0126242],[0.06311267]
[4.99955],[0.0123586],[0.06178744]
[4.99941],[0.0125826],[0.06290558]
[4.99952],[0.0126658],[0.06332292]
[4.99952],[0.0124111],[0.06204954]
[4.99971],[0.012696],[0.06347632]
[4.99973],[0.0143734],[0.07186312]
[4.99978],[0.012508],[0.06253725]
[4.99969],[0.012439],[0.06219115]
[4.99961],[0.0126287],[0.06313857]
[4.99964],[0.0124438],[0.06221452]
[4.99996],[0.0129424],[0.06471148]
[4.99957],[0.0127513],[0.06375101]
[4.99956],[0.0127907],[0.06394787]
[4.99944],[0.0125168],[0.06257699]
[4.99947],[0.0125523],[0.06275485]
[4.99985],[0.0125777],[0.06288661]
[4.99947],[0.0127192],[0.06358926]
[4.99969],[0.012432],[0.06215614]
[4.99949],[0.0125034],[0.06251062]
[4.99952],[0.0124183],[0.06208554]
[4.99975],[0.0126235],[0.06311435]
[4.99899],[0.0124471],[0.06222293]
[4.99911],[0.0126203],[0.06309027]
[4.99957],[0.0124572],[0.06228064]
[4.9994],[0.0124573],[0.06227903]
[4.9997],[0.0124554],[0.06227326]
[4.9996],[0.0124213],[0.06210153]
[4.99957],[0.0124456],[0.06222264]
[4.99951],[0.01258],[0.06289383]
[4.99934],[0.0126503],[0.06324315]
[4.99985],[0.0127572],[0.06378409]
[4.99968],[0.0127641],[0.06381641]
[4.99959],[0.0126356],[0.06317282]
[4.99966],[0.0128173],[0.06408214]
[4.99956],[0.0122626],[0.0613076]
[4.99963],[0.0129088],[0.06453922]
[4.99951],[0.0127023],[0.06350528]
[4.99961],[0.0125166],[0.06257812]
[4.9996],[0.0124513],[0.06225152]
[4.99943],[0.0122901],[0.0614435]
[4.99954],[0.0124108],[0.06204829]
[4.99965],[0.0124806],[0.06239863]
[4.99931],[0.0127034],[0.06350823]
[4.99953],[0.0125111],[0.06254961]
[4.99951],[0.0125999],[0.06299333]
[4.99947],[0.0125223],[0.06260487]
[4.99974],[0.0124384],[0.06218877]
[4.99975],[0.0124592],[0.06229289]
[4.99947],[0.0126571],[0.06327879]
[4.99966],[0.0126156],[0.06307371]
[4.99959],[0.0127355],[0.06367227]
[4.99935],[0.0126046],[0.06301481]
[4.99903],[0.0127649],[0.06381212]
[4.99942],[0.0124272],[0.06212879]
[4.99995],[0.012786],[0.06392936]
[4.99945],[0.0123483],[0.06173471]
[4.9995],[0.0125738],[0.06286271]
[4.99961],[0.0124357],[0.06217365]
[4.99992],[0.0124645],[0.0623215]
[4.99943],[0.0123938],[0.06196193]
[4.99955],[0.0122438],[0.06121349]
[4.99967],[0.0124204],[0.0620979]
[4.99952],[0.0124597],[0.06229252]
[4.9996],[0.0125577],[0.06278348]
[4.99953],[0.0125513],[0.0627506]
[4.99945],[0.0121974],[0.0609803]
[4.99958],[0.0124649],[0.06231926]
[4.99919],[0.0122895],[0.06143754]
[4.99964],[0.0124733],[0.06236201]
[4.99942],[0.0125706],[0.06284571]
[4.99958],[0.0127397],[0.06369315]
[4.99937],[0.0124258],[0.06212117]
[4.99959],[0.012679],[0.0633898]
[5.],[0.0122652],[0.061326]
[4.9995],[0.0125919],[0.0629532]
[4.99951],[0.0124342],[0.06216491]
[4.99951],[0.0124501],[0.0622444]
[4.99952],[0.012421],[0.06209904]
[4.99952],[0.0125663],[0.06282546]
[4.99955],[0.0128287],[0.06413773]
[4.99942],[0.0126694],[0.06333966]
[4.9994],[0.012761],[0.06379734]
[4.99988],[0.0125985],[0.06299099]
[4.9996],[0.0126695],[0.06334243]
[4.99947],[0.0124885],[0.06243588]
[4.99945],[0.012494],[0.06246313]
[4.99941],[0.0124338],[0.06216167]
[4.99945],[0.0124921],[0.06245363]
[4.99921],[0.0124254],[0.06211719]
[4.99958],[0.0126069],[0.06302921]
[4.99899],[0.0126194],[0.06308426]
[4.99966],[0.0123641],[0.06181629]
[4.99941],[0.0124323],[0.06215417]
[4.99948],[0.0126048],[0.06301744]
[4.99963],[0.0126072],[0.06303134]
[4.99956],[0.0128314],[0.06415135]
[4.99945],[0.0127533],[0.06375949]
[4.99937],[0.0126132],[0.06305806]
[4.99964],[0.0129519],[0.06475484]
[4.99933],[0.0124957],[0.06247013]
[4.99962],[0.0129383],[0.06468658]
[4.99957],[0.0124281],[0.06213516]
[4.99953],[0.0127635],[0.0638115]
[4.99968],[0.012679],[0.06339095]
[4.99953],[0.0125095],[0.06254162]
[4.9997],[0.0129745],[0.06486861]
[4.99948],[0.0123492],[0.06173958]
[4.99999],[0.0126307],[0.06315337]
[4.99945],[0.0123344],[0.06166522]
[4.99957],[0.0126312],[0.06315057]
[4.99955],[0.012726],[0.06362427]
[4.99953],[0.0124001],[0.06199467]
[4.9996],[0.012686],[0.06342492]
[4.99928],[0.0127427],[0.06370433]
[4.99957],[0.0126296],[0.06314257]
[4.99956],[0.0127856],[0.06392237]
[4.99952],[0.0126661],[0.06332441]
[4.9994],[0.0124359],[0.06217204]
[4.9994],[0.0124718],[0.06235152]
[4.9998],[0.0124187],[0.06209102]
[4.99965],[0.0126279],[0.06313508]
[4.99956],[0.0126251],[0.06311994]
[4.99936],[0.0124959],[0.0624715]
[4.99936],[0.0129158],[0.06457074]
[4.9995],[0.0123854],[0.0619208]
[4.99939],[0.0125171],[0.06257787]
[4.99944],[0.012967],[0.06482774]
[4.99947],[0.0125097],[0.06254187]
[4.99963],[0.0127822],[0.06390627]
[4.99957],[0.0125768],[0.06287859]
[4.99936],[0.0125881],[0.06293244]
[4.99937],[0.0128888],[0.06443588]
[4.99945],[0.0124632],[0.06230915]
[4.99969],[0.0126106],[0.06304909]
[4.99956],[0.0126454],[0.06322143]
[4.99945],[0.012375],[0.06186819]
[4.99947],[0.0126247],[0.06311681]
[4.99956],[0.0127486],[0.06373739]
[4.99944],[0.0126352],[0.06316893]
[4.99907],[0.0127487],[0.06373164]
[4.99962],[0.0126651],[0.06332069]
[4.99956],[0.0124891],[0.06244]
[4.99952],[0.0125992],[0.06298995]
[4.99955],[0.0125988],[0.06298833]
[4.99925],[0.0125267],[0.0626241]
[4.99932],[0.0126389],[0.06318591]
[4.99958],[0.012643],[0.06320969]
[4.99964],[0.0126239],[0.06311496]
[4.99949],[0.012427],[0.06212866]
[4.99963],[0.0126269],[0.06312983]
[4.99966],[0.0122256],[0.06112384]
[4.99956],[0.0126225],[0.06310695]
[4.9993],[0.0125829],[0.06290569]
[4.99986],[0.01254],[0.06269824]
[4.99966],[0.0125588],[0.06278973]
[4.99963],[0.0123817],[0.06190392]
[4.99947],[0.0124004],[0.06199543]
[4.99972],[0.0125504],[0.06274848]
[4.99937],[0.0123895],[0.06193969]
[4.99941],[0.0124244],[0.06211467]
[4.9994],[0.0125718],[0.06285146]
[4.99933],[0.0124462],[0.06222266]
[4.99961],[0.0125275],[0.06263261]
[4.99952],[0.0127485],[0.06373638]
[4.99953],[0.0124662],[0.06232514]
[4.99976],[0.0125651],[0.06282248]
[4.99985],[0.0125503],[0.06274962]
[4.99958],[0.0125304],[0.06264674]
[4.99965],[0.0125295],[0.06264311]
[4.99955],[0.0127129],[0.06355877]
[4.9995],[0.0126867],[0.06342715]
[4.99941],[0.0127137],[0.063561]
[4.99972],[0.012232],[0.06115657]
[4.99987],[0.0123677],[0.06183689]
[4.99961],[0.0126499],[0.06324457]
[4.99959],[0.01245],[0.0622449]
[4.99958],[0.01255],[0.06274473]
[4.99947],[0.0124211],[0.06209892]
[4.99947],[0.0123824],[0.06190544]
[4.99957],[0.0127428],[0.06370852]
[4.99981],[0.0124188],[0.06209164]
[4.99958],[0.0125415],[0.06270223]
[4.99941],[0.0124346],[0.06216567]
[4.99965],[0.01255],[0.06274561]
[4.99958],[0.0124933],[0.06246125]
[4.99955],[0.0127254],[0.06362127]
[4.99961],[0.0125918],[0.06295409]
[4.99902],[0.0122562],[0.06126899]
[4.99922],[0.012041],[0.06019561]
[4.99947],[0.0120805],[0.0603961]
[4.99955],[0.0122604],[0.06129648]
[4.9996],[0.0120751],[0.06037067]
[4.99959],[0.0121608],[0.06079901]
[4.99978],[0.0120888],[0.06044134]
[4.99937],[0.012221],[0.0610973]
[4.99951],[0.0125672],[0.06282984]
[4.99947],[0.0120415],[0.06020112]
[4.99955],[0.0122744],[0.06136648]
[4.99936],[0.0120518],[0.06025129]
[4.99966],[0.0121477],[0.06073437]
[4.99967],[0.0125001],[0.06249638]
[4.99952],[0.0122164],[0.06107613]
[4.99948],[0.0122535],[0.06126112]
[4.99938],[0.0123234],[0.06160936]
[4.99894],[0.012516],[0.06256673]
[4.9993],[0.0124717],[0.06234977]
[4.99948],[0.0124914],[0.0624505]
[4.99893],[0.0124459],[0.06221618]
[4.99901],[0.0130648],[0.06531107]
[4.99406],[0.054068],[0.27001885]
[4.99306],[0.0255609],[0.12762712]
[4.99694],[0.0299654],[0.14973532]
[4.99256],[0.0222159],[0.11091421]
[4.99455],[0.0261351],[0.13053307]
[4.99444],[0.0267654],[0.13367818]
[4.99275],[0.0209864],[0.10477985]
[4.99953],[0.0129791],[0.0648894]
[4.99952],[0.0124168],[0.06207804]
[4.99972],[0.0126477],[0.06323496]
[4.99958],[0.0122638],[0.06131385]
[4.99951],[0.0125965],[0.06297632]
[4.99948],[0.0125191],[0.06258898]
[4.99916],[0.0127771],[0.06387477]
[4.99953],[0.0123683],[0.06183568]
[4.99973],[0.0127839],[0.06391605]
[4.99944],[0.0126227],[0.06310643]
[4.99983],[0.0126123],[0.06305935]
[4.99951],[0.0124502],[0.0622449]
[4.99967],[0.0123444],[0.06171793]
[4.99956],[0.0126369],[0.06317894]
[4.99945],[0.0127637],[0.06381149]
[4.99954],[0.0124669],[0.06232876]
[4.99945],[0.0126421],[0.06320355]
[4.99965],[0.012652],[0.06325557]
[4.99946],[0.0127597],[0.06379162]
[4.99995],[0.0143829],[0.07191378]
[4.99951],[0.0124571],[0.06227939]
[4.99957],[0.0127547],[0.06376801]
[4.99967],[0.012991],[0.06495071]
[4.99943],[0.0124068],[0.06202693]
[4.99912],[0.0129016],[0.06449665]
[4.99937],[0.0126085],[0.06303456]
[4.99913],[0.0125988],[0.06298304]
[5.00005],[0.012535],[0.06267563]
[4.99959],[0.0124346],[0.0621679]
[4.9996],[0.0126302],[0.06314595]
[4.99956],[0.0126902],[0.06344541]
[4.9997],[0.0124479],[0.06223577]
[4.99952],[0.0127911],[0.06394936]
[4.99947],[0.0124851],[0.06241889]
[4.99941],[0.0125461],[0.0627231]
[4.99957],[0.0127665],[0.06382701]
[4.99967],[0.012428],[0.0621359]
[4.99955],[0.0126038],[0.06301332]
[4.99959],[0.0125434],[0.06271186]
[4.99969],[0.0125543],[0.06276761]
[4.99938],[0.0122098],[0.06104143]
[4.99977],[0.0126597],[0.06329559]
[4.99913],[0.012533],[0.06265409]
[4.99963],[0.0125626],[0.06280835]
[4.99943],[0.0124026],[0.06200593]
[5.],[0.0125684],[0.062842]
[4.99959],[0.0125705],[0.06284735]
[4.99989],[0.0126749],[0.0633731]
[4.99932],[0.0128659],[0.06432075]
[4.99956],[0.0125816],[0.06290247]
[4.99967],[0.0124793],[0.06239238]
[4.99946],[0.0127352],[0.06366912]
[4.99949],[0.0127472],[0.06372949]
[5.00004],[0.0125877],[0.062939]
[4.9996],[0.0124224],[0.06210703]
[4.99947],[0.0124139],[0.06206293]
[4.99964],[0.0126496],[0.06324345]
[4.99947],[0.0128993],[0.06448967]
[4.99957],[0.0128133],[0.06406099]
[4.99966],[0.0125944],[0.06296772]
[4.99966],[0.0128803],[0.06439712]
[4.99937],[0.0124503],[0.06224366]
[4.99954],[0.0126141],[0.06306469]
[4.99956],[0.0126289],[0.06313894]
[4.99948],[0.0128118],[0.06405234]
[4.99979],[0.0129119],[0.06455679]
[4.99953],[0.0127429],[0.06370851]
[4.99946],[0.01246],[0.06229327]
[4.99953],[0.0125127],[0.06255762]
[4.99955],[0.0125824],[0.06290633]
[4.99964],[0.0128426],[0.06420838]
[4.99952],[0.0124396],[0.06219203]
[4.99938],[0.0126426],[0.06320516]
[4.9995],[0.0126194],[0.06309069]
[4.99948],[0.0127205],[0.06359588]
[4.99976],[0.0127688],[0.06384094]
[4.99965],[0.0124641],[0.06231613]
[4.99936],[0.0124883],[0.06243351]
[4.99959],[0.0124423],[0.0622064]
[4.99966],[0.0127699],[0.06384516]
[4.99964],[0.0124783],[0.06238701]
[4.99997],[0.0128424],[0.06421161]
[4.99901],[0.0126584],[0.06327947]
[4.99954],[0.0126242],[0.06311519]
[4.99963],[0.0129771],[0.0648807]
[4.99953],[0.0124287],[0.06213766]
[4.99967],[0.0124971],[0.06248138]
[4.99953],[0.0127877],[0.06393249]
[4.99983],[0.0129461],[0.0647283]
[4.99952],[0.0124676],[0.06233202]
[4.99957],[0.012552],[0.0627546]
[4.99945],[0.0125256],[0.06262112]
[4.99965],[0.012635],[0.06317057]
[4.99959],[0.0126486],[0.06323782]
[4.99951],[0.0127518],[0.06375275]
[5.0002],[0.0126144],[0.06307452]
[4.99938],[0.0126449],[0.06321666]
[4.99962],[0.0126139],[0.06306471]
[4.99997],[0.0129875],[0.06493711]
[4.99952],[0.0125009],[0.06249849]
[4.99961],[0.012636],[0.06317507]
[4.99961],[0.0124286],[0.06213816]
[4.99939],[0.0126015],[0.06299981]
[4.99945],[0.0125514],[0.0627501]
[4.9998],[0.0125992],[0.06299348]
[4.99951],[0.0126245],[0.06311631]
[4.9991],[0.0124907],[0.06244226]
[4.99961],[0.0126259],[0.06312457]
[4.99964],[0.0126642],[0.06331644]
[4.99969],[0.0124592],[0.06229214]
[4.99962],[0.0124564],[0.06227727]
[4.99957],[0.0124424],[0.06220665]
[4.99962],[0.0129422],[0.06470608]
[4.99956],[0.0124778],[0.06238351]
[4.99941],[0.012665],[0.06331753]
[4.99962],[0.0125259],[0.06262474]
[4.99949],[0.0124562],[0.06227465]
[4.9996],[0.0128206],[0.06409787]
[4.99961],[0.0126966],[0.06347805]
[4.99957],[0.0124665],[0.06232714]
[4.99939],[0.0127945],[0.06396469]
[4.99938],[0.0127846],[0.06391507]
[4.99949],[0.0126392],[0.06318955]
[4.99982],[0.0124678],[0.06233676]
[4.99955],[0.012903],[0.06450919]
[4.99935],[0.0126259],[0.0631213]
[4.99967],[0.0127865],[0.06392828]
[4.99925],[0.0128128],[0.06405438]
[4.99907],[0.012628],[0.06312826]
[4.99937],[0.0127785],[0.06388445]
[4.99948],[0.0127281],[0.06363387]
[4.99938],[0.0124465],[0.06222479]
[4.99962],[0.012413],[0.06206028]
[4.99964],[0.0124445],[0.06221802]
[4.99949],[0.0128375],[0.06418096]
[4.99958],[0.0124908],[0.06244875]
[4.99949],[0.0125643],[0.06281509]
[4.99958],[0.0128035],[0.06401212]
[4.9995],[0.0127185],[0.06358614]
[4.99955],[0.012224],[0.0611145]
[4.99927],[0.0124024],[0.06200295]
[4.99954],[0.012564],[0.06281422]
[4.99962],[0.0125765],[0.06287772]
[4.99964],[0.0124314],[0.06215252]
[4.99939],[0.0127232],[0.06360824]
[4.99962],[0.0123815],[0.06190279]
[4.99951],[0.0125656],[0.06282184]
[5.00005],[0.0125716],[0.06285863]
[4.99957],[0.0124263],[0.06212616]
[4.99942],[0.0123866],[0.06192582]
[4.9995],[0.0124143],[0.06206529]
[4.99971],[0.0122241],[0.06111695]
[4.99957],[0.0125317],[0.06265311]
[4.99964],[0.0123318],[0.06165456]
[4.99939],[0.0124599],[0.0622919]
[4.99955],[0.0126781],[0.06338479]
[4.99956],[0.0124171],[0.06208004]
[4.99953],[0.0124027],[0.06200767]
[4.99962],[0.0125578],[0.06278422]
[4.9993],[0.0124112],[0.06204731]
[4.99938],[0.0125932],[0.0629582]
[4.99905],[0.0124185],[0.0620807]
[4.99953],[0.0124246],[0.06211716]
[4.9995],[0.0127362],[0.06367463]
[4.99938],[0.0124859],[0.06242176]
[4.99973],[0.0124464],[0.06222864]
[4.99962],[0.0128864],[0.06442711]
[4.99955],[0.0127767],[0.06387775]
[4.99959],[0.0125101],[0.06254537]
[4.99971],[0.012379],[0.06189141]
[4.99964],[0.0125957],[0.06297397]
[4.99961],[0.012613],[0.06306008]
[4.99942],[0.0128894],[0.06443953]
[4.99951],[0.0126603],[0.0632953]
[4.99937],[0.0120882],[0.06043339]
[4.99967],[0.0124316],[0.0621539]
[4.99967],[0.0127313],[0.0636523]
[4.99979],[0.0126745],[0.06336984]
[4.99958],[0.0124186],[0.06208778]
[4.9996],[0.0124971],[0.0624805]
[4.99968],[0.0126146],[0.06306896]
[4.99996],[0.0125763],[0.06288099]
[4.99947],[0.0124095],[0.06204093]
[4.99944],[0.0124448],[0.06221703]
[4.99961],[0.0124425],[0.06220765]
[4.99974],[0.012551],[0.06275174]
[4.99935],[0.0124264],[0.06212392]
[4.99962],[0.0128545],[0.06426761]
[4.99944],[0.0127682],[0.06383385]
[4.99952],[0.0127717],[0.06385236]
[4.99948],[0.0124353],[0.06217003]
[4.99963],[0.0127279],[0.06363479]
[4.9996],[0.0125649],[0.06281947]
[4.99955],[0.0126277],[0.06313282]
[4.99952],[0.0128053],[0.06402035]
[4.99949],[0.0124558],[0.06227264]
[4.99962],[0.0127878],[0.06393414]
[4.9996],[0.012609],[0.06303996]
[4.99954],[0.0125895],[0.06294171]
[4.99955],[0.0124461],[0.0622249]
[4.99986],[0.0125044],[0.06252024]
[4.99961],[0.0124475],[0.06223264]
[4.99971],[0.0122899],[0.06144594]
[4.99957],[0.012213],[0.06105975]
[4.99964],[0.0123096],[0.06154357]
[4.99964],[0.0121703],[0.06084712]
[4.99939],[0.0124372],[0.06217841]
[4.99942],[0.0123176],[0.06158086]
[4.99968],[0.0120898],[0.06044513]
[4.9997],[0.0120661],[0.06032688]
[4.99958],[0.0122684],[0.06133685]
[4.99955],[0.0120565],[0.06027707]
[4.99949],[0.0123389],[0.0616882]
[4.99959],[0.0121068],[0.06052904]
[4.99958],[0.0126101],[0.0630452]
[4.99957],[0.0125816],[0.06290258]
[4.99934],[0.0123779],[0.06188133]
[4.99965],[0.012184],[0.06091573]
[4.99972],[0.0122128],[0.06106058]
[4.99918],[0.0124221],[0.06210031]
[4.9994],[0.0122922],[0.06145363]
[4.99416],[0.0264994],[0.13234225]
[4.99459],[0.0248466],[0.12409858]
[4.99638],[0.0303584],[0.1516821]
[4.99022],[0.0207236],[0.10341533]
[4.99973],[0.0126513],[0.06325308]
[4.99933],[0.0121165],[0.06057438]
[4.99936],[0.0118852],[0.05941839]
